-5 1.0287118e-15
-4.98999 1.1586214e-15
-4.97998 1.3046642e-15
-4.96997 1.4688089e-15
-4.95996 1.6532604e-15
-4.9499499 1.8604868e-15
-4.9399399 2.0932509e-15
-4.9299299 2.3546446e-15
-4.9199199 2.6481272e-15
-4.9099099 2.9775679e-15
-4.8998999 3.3472943e-15
-4.8898899 3.7621447e-15
-4.8798799 4.2275278e-15
-4.8698699 4.7494884e-15
-4.8598599 5.3347806e-15
-4.8498498 5.9909497e-15
-4.8398398 6.7264228e-15
-4.8298298 7.5506099e-15
-4.8198198 8.474016e-15
-4.8098098 9.5083663e-15
-4.7997998 1.0666745e-14
-4.7897898 1.1963749e-14
-4.7797798 1.341566e-14
-4.7697698 1.5040636e-14
-4.7597598 1.6858919e-14
-4.7497497 1.8893073e-14
-4.7397397 2.1168247e-14
-4.7297297 2.3712456e-14
-4.7197197 2.6556912e-14
-4.7097097 2.9736372e-14
-4.6996997 3.3289539e-14
-4.6896897 3.7259493e-14
-4.6796797 4.1694185e-14
-4.6696697 4.6646968e-14
-4.6596597 5.2177194e-14
-4.6496496 5.8350879e-14
-4.6396396 6.5241429e-14
-4.6296296 7.2930451e-14
-4.6196196 8.1508654e-14
-4.6096096 9.1076832e-14
-4.5995996 1.0174697e-13
-4.5895896 1.1364346e-13
-4.5795796 1.2690443e-13
-4.5695696 1.4168324e-13
-4.5595596 1.5815014e-13
-4.5495495 1.7649404e-13
-4.5395395 1.9692456e-13
-4.5295295 2.1967423e-13
-4.5195195 2.4500092e-13
-4.5095095 2.7319057e-13
-4.4994995 3.0456014e-13
-4.4894895 3.3946093e-13
-4.4794795 3.7828221e-13
-4.4694695 4.2145519e-13
-4.4594595 4.694575e-13
-4.4494494 5.2281801e-13
-4.4394394 5.8212221e-13
-4.4294294 6.4801816e-13
-4.4194194 7.21223e-13
-4.4094094 8.025301e-13
-4.3993994 8.9281705e-13
-4.3893894 9.9305431e-13
-4.3793794 1.1043148e-12
-4.3693694 1.2277846e-12
-4.3593594 1.3647743e-12
-4.3493493 1.5167321e-12
-4.3393393 1.6852576e-12
-4.3293293 1.8721175e-12
-4.3193193 2.0792622e-12
-4.3093093 2.3088452e-12
-4.2992993 2.5632428e-12
-4.2892893 2.8450772e-12
-4.2792793 3.1572411e-12
-4.2692693 3.5029248e-12
-4.2592593 3.8856462e-12
-4.2492492 4.3092836e-12
-4.2392392 4.7781115e-12
-4.2292292 5.29684e-12
-4.2192192 5.8706585e-12
-4.2092092 6.5052824e-12
-4.1991992 7.2070058e-12
-4.1891892 7.982758e-12
-4.1791792 8.8401663e-12
-4.1691692 9.7876242e-12
-4.1591592 1.0834366e-11
-4.1491491 1.1990551e-11
-4.1391391 1.3267348e-11
-4.1291291 1.467704e-11
-4.1191191 1.6233128e-11
-4.1091091 1.795045e-11
-4.0990991 1.9845308e-11
-4.0890891 2.193561e-11
-4.0790791 2.4241025e-11
-4.0690691 2.6783148e-11
-4.0590591 2.9585685e-11
-4.049049 3.2674656e-11
-4.039039 3.607861e-11
-4.029029 3.9828866e-11
-4.019019 4.3959776e-11
-4.009009 4.8509007e-11
-3.998999 5.3517851e-11
-3.988989 5.903157e-11
-3.978979 6.5099758e-11
-3.968969 7.1776751e-11
-3.958959 7.9122062e-11
-3.9489489 8.7200861e-11
-3.9389389 9.6084499e-11
-3.9289289 1.0585107e-10
-3.9189189 1.1658605e-10
-3.9089089 1.2838293e-10
-3.8988989 1.4134399e-10
-3.8888889 1.5558108e-10
-3.8788789 1.712165e-10
-3.8688689 1.8838392e-10
-3.8588589 2.0722942e-10
-3.8488488 2.2791262e-10
-3.8388388 2.5060788e-10
-3.8288288 2.755056e-10
-3.8188188 3.0281371e-10
-3.8088088 3.3275916e-10
-3.7987988 3.6558963e-10
-3.7887888 4.015754e-10
-3.7787788 4.410113e-10
-3.7687688 4.8421887e-10
-3.7587588 5.3154872e-10
-3.7487487 5.8338308e-10
-3.7387387 6.4013851e-10
-3.7287287 7.0226894e-10
-3.7187187 7.7026887e-10
-3.7087087 8.4467688e-10
-3.6986987 9.2607945e-10
-3.6886887 1.0151151e-09
-3.6786787 1.1124786e-09
-3.6686687 1.2189263e-09
-3.6586587 1.3352808e-09
-3.6486486 1.4624369e-09
-3.6386386 1.6013676e-09
-3.6286286 1.7531309e-09
-3.6186186 1.9188764e-09
-3.6086086 2.0998538e-09
-3.5985986 2.2974204e-09
-3.5885886 2.5130509e-09
-3.5785786 2.7483464e-09
-3.5685686 3.0050453e-09
-3.5585586 3.2850348e-09
-3.5485485 3.5903624e-09
-3.5385385 3.92325e-09
-3.5285285 4.2861075e-09
-3.5185185 4.6815484e-09
-3.5085085 5.1124061e-09
-3.4984985 5.5817523e-09
-3.4884885 6.0929154e-09
-3.4784785 6.649502e-09
-3.4684685 7.2554185e-09
-3.4584585 7.9148956e-09
-3.4484484 8.6325141e-09
-3.4384384 9.4132323e-09
-3.4284284 1.0262417e-08
-3.4184184 1.1185873e-08
-3.4084084 1.2189882e-08
-3.3983984 1.3281236e-08
-3.3883884 1.4467279e-08
-3.3783784 1.5755951e-08
-3.3683684 1.7155831e-08
-3.3583584 1.8676189e-08
-3.3483483 2.0327041e-08
-3.3383383 2.21192e-08
-3.3283283 2.4064346e-08
-3.3183183 2.6175084e-08
-3.3083083 2.846502e-08
-3.2982983 3.0948833e-08
-3.2882883 3.3642359e-08
-3.2782783 3.6562676e-08
-3.2682683 3.97282e-08
-3.2582583 4.3158783e-08
-3.2482482 4.6875818e-08
-3.2382382 5.090236e-08
-3.2282282 5.5263241e-08
-3.2182182 5.9985206e-08
-3.2082082 6.5097056e-08
-3.1981982 7.062979e-08
-3.1881882 7.6616773e-08
-3.1781782 8.3093907e-08
-3.1681682 9.0099812e-08
-3.1581582 9.7676022e-08
-3.1481481 1.058672e-07
-3.1381381 1.1472135e-07
-3.1281281 1.2429008e-07
-3.1181181 1.3462883e-07
-3.1081081 1.4579715e-07
-3.0980981 1.5785902e-07
-3.0880881 1.7088311e-07
-3.0780781 1.8494315e-07
-3.0680681 2.0011826e-07
-3.0580581 2.1649337e-07
-3.048048 2.3415953e-07
-3.038038 2.5321444e-07
-3.028028 2.7376282e-07
-3.018018 2.9591695e-07
-3.008008 3.1979716e-07
-2.997998 3.4553237e-07
-2.987988 3.7326069e-07
-2.977978 4.0313003e-07
-2.967968 4.3529875e-07
-2.957958 4.6993638e-07
-2.9479479 5.0722436e-07
-2.9379379 5.4735679e-07
-2.9279279 5.9054133e-07
-2.9179179 6.3700004e-07
-2.9079079 6.8697037e-07
-2.8978979 7.4070611e-07
-2.8878879 7.984785e-07
-2.8778779 8.6057734e-07
-2.8678679 9.2731218e-07
-2.8578579 9.990136e-07
-2.8478478 1.0760346e-06
-2.8378378 1.1587518e-06
-2.8278278 1.2475673e-06
-2.8178178 1.3429101e-06
-2.8078078 1.4452376e-06
-2.7977978 1.5550379e-06
-2.7877878 1.672831e-06
-2.7777778 1.7991713e-06
-2.7677678 1.9346498e-06
-2.7577578 2.0798958e-06
-2.7477477 2.2355798e-06
-2.7377377 2.4024157e-06
-2.7277277 2.5811635e-06
-2.7177177 2.7726322e-06
-2.7077077 2.9776824e-06
-2.6976977 3.1972299e-06
-2.6876877 3.4322486e-06
-2.6776777 3.683774e-06
-2.6676677 3.9529071e-06
-2.6576577 4.2408178e-06
-2.6476476 4.5487493e-06
-2.6376376 4.8780221e-06
-2.6276276 5.2300388e-06
-2.6176176 5.6062883e-06
-2.6076076 6.0083514e-06
-2.5975976 6.4379056e-06
-2.5875876 6.8967306e-06
-2.5775776 7.3867142e-06
-2.5675676 7.9098584e-06
-2.5575576 8.4682857e-06
-2.5475475 9.0642458e-06
-2.5375375 9.7001225e-06
-2.5275275 1.0378442e-05
-2.5175175 1.1101878e-05
-2.5075075 1.1873264e-05
-2.4974975 1.2695599e-05
-2.4874875 1.3572056e-05
-2.4774775 1.4505993e-05
-2.4674675 1.5500962e-05
-2.4574575 1.6560721e-05
-2.4474474 1.7689241e-05
-2.4374374 1.8890721e-05
-2.4274274 2.0169598e-05
-2.4174174 2.153056e-05
-2.4074074 2.297856e-05
-2.3973974 2.4518825e-05
-2.3873874 2.6156876e-05
-2.3773774 2.789854e-05
-2.3673674 2.9749965e-05
-2.3573574 3.1717637e-05
-2.3473473 3.3808396e-05
-2.3373373 3.6029454e-05
-2.3273273 3.8388415e-05
-2.3173173 4.0893291e-05
-2.3073073 4.3552522e-05
-2.2972973 4.6375003e-05
-2.2872873 4.9370094e-05
-2.2772773 5.2547656e-05
-2.2672673 5.5918063e-05
-2.2572573 5.9492232e-05
-2.2472472 6.3281649e-05
-2.2372372 6.7298393e-05
-2.2272272 7.1555163e-05
-2.2172172 7.606531e-05
-2.2072072 8.0842862e-05
-2.1971972 8.5902558e-05
-2.1871872 9.125988e-05
-2.1771772 9.6931084e-05
-2.1671672 0.00010293324
-2.1571572 0.00010928424
-2.1471471 0.00011600291
-2.1371371 0.00012310893
-2.1271271 0.00013062299
-2.1171171 0.00013856676
-2.1071071 0.00014696296
-2.0970971 0.00015583539
-2.0870871 0.00016520899
-2.0770771 0.00017510988
-2.0670671 0.00018556539
-2.0570571 0.00019660416
-2.047047 0.00020825613
-2.037037 0.00022055264
-2.027027 0.00023352647
-2.017017 0.00024721189
-2.007007 0.00026164471
-1.996997 0.00027686238
-1.986987 0.00029290401
-1.976977 0.00030981045
-1.966967 0.00032762436
-1.956957 0.00034639027
-1.9469469 0.00036615466
-1.9369369 0.00038696602
-1.9269269 0.00040887492
-1.9169169 0.00043193409
-1.9069069 0.00045619853
-1.8968969 0.00048172552
-1.8868869 0.00050857476
-1.8768769 0.00053680844
-1.8668669 0.0005664913
-1.8568569 0.00059769075
-1.8468468 0.00063047693
-1.8368368 0.00066492283
-1.8268268 0.00070110436
-1.8168168 0.00073910046
-1.8068068 0.00077899317
-1.7967968 0.00082086778
-1.7867868 0.00086481287
-1.7767768 0.00091092047
-1.7667668 0.00095928611
-1.7567568 0.001010009
-1.7467467 0.001063192
-1.7367367 0.0011189418
-1.7267267 0.0011773693
-1.7167167 0.0012385892
-1.7067067 0.0013027206
-1.6966967 0.0013698866
-1.6866867 0.001440215
-1.6766767 0.0015138381
-1.6666667 0.0015908928
-1.6566567 0.0016715208
-1.6466466 0.0017558686
-1.6366366 0.0018440879
-1.6266266 0.0019363356
-1.6166166 0.0020327735
-1.6066066 0.0021335693
-1.5965966 0.0022388958
-1.5865866 0.0023489317
-1.5765766 0.0024638614
-1.5665666 0.0025838752
-1.5565566 0.0027091695
-1.5465465 0.0028399468
-1.5365365 0.0029764158
-1.5265265 0.0031187917
-1.5165165 0.0032672964
-1.5065065 0.0034221581
-1.4964965 0.003583612
-1.4864865 0.0037519002
-1.4764765 0.0039272717
-1.4664665 0.0041099827
-1.4564565 0.0043002967
-1.4464464 0.0044984845
-1.4364364 0.0047048244
-1.4264264 0.0049196021
-1.4164164 0.0051431113
-1.4064064 0.0053756532
-1.3963964 0.005617537
-1.3863864 0.0058690799
-1.3763764 0.006130607
-1.3663664 0.0064024517
-1.3563564 0.0066849556
-1.3463463 0.0069784684
-1.3363363 0.0072833485
-1.3263263 0.0075999623
-1.3163163 0.007928685
-1.3063063 0.0082699003
-1.2962963 0.0086240002
-1.2862863 0.0089913855
-1.2762763 0.0093724657
-1.2662663 0.0097676588
-1.2562563 0.010177391
-1.2462462 0.010602099
-1.2362362 0.011042226
-1.2262262 0.011498224
-1.2162162 0.011970554
-1.2062062 0.012459688
-1.1961962 0.012966102
-1.1861862 0.013490283
-1.1761762 0.014032728
-1.1661662 0.014593938
-1.1561562 0.015174426
-1.1461461 0.015774712
-1.1361361 0.016395323
-1.1261261 0.017036795
-1.1161161 0.017699671
-1.1061061 0.018384502
-1.0960961 0.019091847
-1.0860861 0.019822269
-1.0760761 0.020576343
-1.0660661 0.021354646
-1.0560561 0.022157764
-1.046046 0.02298629
-1.036036 0.023840821
-1.026026 0.024721961
-1.016016 0.025630318
-1.006006 0.026566507
-0.995996 0.027531147
-0.98598599 0.02852486
-0.97597598 0.029548274
-0.96596597 0.03060202
-0.95595596 0.031686732
-0.94594595 0.032803047
-0.93593594 0.033951604
-0.92592593 0.035133044
-0.91591592 0.036348011
-0.90590591 0.037597147
-0.8958959 0.038881098
-0.88588589 0.040200506
-0.87587588 0.041556016
-0.86586587 0.042948269
-0.85585586 0.044377906
-0.84584585 0.045845564
-0.83583584 0.047351879
-0.82582583 0.048897482
-0.81581582 0.050482999
-0.80580581 0.052109053
-0.7957958 0.053776259
-0.78578579 0.055485228
-0.77577578 0.057236563
-0.76576577 0.059030857
-0.75575576 0.060868699
-0.74574575 0.062750663
-0.73573574 0.064677318
-0.72572573 0.066649218
-0.71571572 0.068666909
-0.70570571 0.070730921
-0.6956957 0.072841773
-0.68568569 0.074999969
-0.67567568 0.077205997
-0.66566567 0.079460331
-0.65565566 0.081763425
-0.64564565 0.08411572
-0.63563564 0.086517633
-0.62562563 0.088969567
-0.61561562 0.0914719
-0.60560561 0.094024991
-0.5955956 0.096629177
-0.58558559 0.099284772
-0.57557558 0.10199206
-0.56556557 0.10475132
-0.55555556 0.10756277
-0.54554555 0.11042664
-0.53553554 0.11334311
-0.52552553 0.11631233
-0.51551552 0.11933443
-0.50550551 0.1224095
-0.4954955 0.12553762
-0.48548549 0.12871882
-0.47547548 0.13195309
-0.46546547 0.13524041
-0.45545546 0.1385807
-0.44544545 0.14197387
-0.43543544 0.14541977
-0.42542543 0.14891823
-0.41541542 0.15246904
-0.40540541 0.15607194
-0.3953954 0.15972665
-0.38538539 0.16343283
-0.37537538 0.16719012
-0.36536537 0.17099811
-0.35535536 0.17485633
-0.34534535 0.17876431
-0.33533534 0.18272149
-0.32532533 0.18672731
-0.31531532 0.19078113
-0.30530531 0.19488229
-0.2952953 0.19903008
-0.28528529 0.20322373
-0.27527528 0.20746246
-0.26526527 0.2117454
-0.25525526 0.21607167
-0.24524525 0.22044034
-0.23523524 0.2248504
-0.22522523 0.22930085
-0.21521522 0.23379059
-0.20520521 0.2383185
-0.1951952 0.24288343
-0.18518519 0.24748415
-0.17517518 0.2521194
-0.16516517 0.25678788
-0.15515516 0.26148824
-0.14514515 0.26621907
-0.13513514 0.27097895
-0.12512513 0.27576639
-0.11511512 0.28057985
-0.10510511 0.28541777
-0.095095095 0.29027853
-0.085085085 0.29516047
-0.075075075 0.30006191
-0.065065065 0.30498108
-0.055055055 0.30991623
-0.045045045 0.31486553
-0.035035035 0.31982713
-0.025025025 0.32479913
-0.015015015 0.3297796
-0.005005005 0.33476659
0.005005005 0.33975808
0.015015015 0.34475206
0.025025025 0.34974645
0.035035035 0.35473917
0.045045045 0.35972809
0.055055055 0.36471106
0.065065065 0.3696859
0.075075075 0.37465043
0.085085085 0.3796024
0.095095095 0.38453958
0.10510511 0.3894597
0.11511512 0.39436048
0.12512513 0.3992396
0.13513514 0.40409477
0.14514515 0.40892364
0.15515516 0.41372388
0.16516517 0.41849313
0.17517518 0.42322904
0.18518519 0.42792924
0.1951952 0.43259137
0.20520521 0.43721304
0.21521522 0.4417919
0.22522523 0.44632557
0.23523524 0.45081169
0.24524525 0.45524789
0.25525526 0.45963183
0.26526527 0.46396116
0.27527528 0.46823356
0.28528529 0.47244671
0.2952953 0.47659831
0.30530531 0.48068608
0.31531532 0.48470776
0.32532533 0.48866111
0.33533534 0.49254391
0.34534535 0.49635399
0.35535536 0.50008918
0.36536537 0.50374735
0.37537538 0.50732641
0.38538539 0.5108243
0.3953954 0.51423899
0.40540541 0.51756849
0.41541542 0.52081087
0.42542543 0.52396422
0.43543544 0.52702668
0.44544545 0.52999643
0.45545546 0.53287172
0.46546547 0.53565082
0.47547548 0.53833207
0.48548549 0.54091387
0.4954955 0.54339464
0.50550551 0.5457729
0.51551552 0.5480472
0.52552553 0.55021616
0.53553554 0.55227844
0.54554555 0.5542328
0.55555556 0.55607802
0.56556557 0.55781299
0.57557558 0.55943662
0.58558559 0.56094791
0.5955956 0.56234593
0.60560561 0.56362982
0.61561562 0.56479877
0.62562563 0.56585206
0.63563564 0.56678903
0.64564565 0.5676091
0.65565566 0.56831177
0.66566567 0.56889658
0.67567568 0.56936317
0.68568569 0.56971126
0.6956957 0.56994062
0.70570571 0.57005111
0.71571572 0.57004267
0.72572573 0.56991529
0.73573574 0.56966906
0.74574575 0.56930413
0.75575576 0.56882073
0.76576577 0.56821916
0.77577578 0.5674998
0.78578579 0.56666309
0.7957958 0.56570956
0.80580581 0.5646398
0.81581582 0.56345449
0.82582583 0.56215434
0.83583584 0.56074018
0.84584585 0.55921288
0.85585586 0.55757338
0.86586587 0.55582269
0.87587588 0.5539619
0.88588589 0.55199214
0.8958959 0.54991463
0.90590591 0.54773064
0.91591592 0.54544149
0.92592593 0.54304858
0.93593594 0.54055337
0.94594595 0.53795736
0.95595596 0.53526211
0.96596597 0.53246925
0.97597598 0.52958044
0.98598599 0.52659741
0.995996 0.52352194
1.006006 0.52035584
1.016016 0.51710097
1.026026 0.51375925
1.036036 0.51033262
1.046046 0.50682308
1.0560561 0.50323266
1.0660661 0.49956342
1.0760761 0.49581747
1.0860861 0.49199694
1.0960961 0.48810398
1.1061061 0.48414079
1.1161161 0.48010959
1.1261261 0.47601262
1.1361361 0.47185214
1.1461461 0.46763044
1.1561562 0.46334981
1.1661662 0.45901258
1.1761762 0.45462108
1.1861862 0.45017764
1.1961962 0.44568463
1.2062062 0.4411444
1.2162162 0.43655932
1.2262262 0.43193176
1.2362362 0.42726408
1.2462462 0.42255866
1.2562563 0.41781787
1.2662663 0.41304408
1.2762763 0.40823963
1.2862863 0.40340688
1.2962963 0.39854817
1.3063063 0.39366583
1.3163163 0.38876217
1.3263263 0.38383949
1.3363363 0.37890007
1.3463463 0.37394618
1.3563564 0.36898005
1.3663664 0.36400392
1.3763764 0.35901997
1.3863864 0.35403038
1.3963964 0.3490373
1.4064064 0.34404284
1.4164164 0.33904909
1.4264264 0.33405811
1.4364364 0.32907193
1.4464464 0.32409254
1.4564565 0.31912191
1.4664665 0.31416194
1.4764765 0.30921454
1.4864865 0.30428155
1.4964965 0.29936478
1.5065065 0.29446601
1.5165165 0.28958697
1.5265265 0.28472936
1.5365365 0.27989481
1.5465465 0.27508495
1.5565566 0.27030134
1.5665666 0.26554549
1.5765766 0.2608189
1.5865866 0.25612298
1.5965966 0.25145914
1.6066066 0.24682871
1.6166166 0.242233
1.6266266 0.23767326
1.6366366 0.23315069
1.6466466 0.22866646
1.6566567 0.22422169
1.6666667 0.21981744
1.6766767 0.21545474
1.6866867 0.21113456
1.6966967 0.20685784
1.7067067 0.20262547
1.7167167 0.19843828
1.7267267 0.19429707
1.7367367 0.19020259
1.7467467 0.18615554
1.7567568 0.1821566
1.7667668 0.17820637
1.7767768 0.17430542
1.7867868 0.1704543
1.7967968 0.16665349
1.8068068 0.16290343
1.8168168 0.15920454
1.8268268 0.15555717
1.8368368 0.15196164
1.8468468 0.14841825
1.8568569 0.14492724
1.8668669 0.14148882
1.8768769 0.13810316
1.8868869 0.13477038
1.8968969 0.13149059
1.9069069 0.12826386
1.9169169 0.1250902
1.9269269 0.12196961
1.9369369 0.11890206
1.9469469 0.11588748
1.956957 0.11292576
1.966967 0.11001677
1.976977 0.10716036
1.986987 0.10435633
1.996997 0.10160447
2.007007 0.098904534
2.017017 0.096256258
2.027027 0.093659347
2.037037 0.091113485
2.047047 0.088618331
2.0570571 0.086173524
2.0670671 0.083778681
2.0770771 0.081433399
2.0870871 0.079137255
2.0970971 0.076889809
2.1071071 0.074690603
2.1171171 0.07253916
2.1271271 0.07043499
2.1371371 0.068377587
2.1471471 0.066366431
2.1571572 0.064400989
2.1671672 0.062480715
2.1771772 0.06060505
2.1871872 0.058773428
2.1971972 0.05698527
2.2072072 0.055239988
2.2172172 0.053536986
2.2272272 0.05187566
2.2372372 0.050255401
2.2472472 0.048675589
2.2572573 0.047135604
2.2672673 0.045634817
2.2772773 0.044172596
2.2872873 0.042748307
2.2972973 0.04136131
2.3073073 0.040010966
2.3173173 0.038696632
2.3273273 0.037417664
2.3373373 0.036173419
2.3473473 0.034963252
2.3573574 0.03378652
2.3673674 0.032642581
2.3773774 0.031530792
2.3873874 0.030450516
2.3973974 0.029401116
2.4074074 0.028381958
2.4174174 0.027392411
2.4274274 0.02643185
2.4374374 0.02549965
2.4474474 0.024595195
2.4574575 0.023717871
2.4674675 0.022867069
2.4774775 0.022042188
2.4874875 0.021242629
2.4974975 0.020467802
2.5075075 0.019717122
2.5175175 0.018990011
2.5275275 0.018285898
2.5375375 0.017604218
2.5475475 0.016944415
2.5575576 0.016305938
2.5675676 0.015688246
2.5775776 0.015090803
2.5875876 0.014513084
2.5975976 0.013954569
2.6076076 0.013414749
2.6176176 0.01289312
2.6276276 0.012389189
2.6376376 0.011902471
2.6476476 0.011432488
2.6576577 0.010978771
2.6676677 0.010540862
2.6776777 0.010118307
2.6876877 0.0097106657
2.6976977 0.0093175024
2.7077077 0.0089383921
2.7177177 0.0085729181
2.7277277 0.008220672
2.7377377 0.0078812544
2.7477477 0.0075542743
2.7577578 0.0072393493
2.7677678 0.0069361056
2.7777778 0.0066441776
2.7877878 0.0063632085
2.7977978 0.0060928495
2.8078078 0.0058327602
2.8178178 0.0055826086
2.8278278 0.0053420704
2.8378378 0.0051108298
2.8478478 0.0048885787
2.8578579 0.0046750168
2.8678679 0.0044698518
2.8778779 0.0042727989
2.8878879 0.0040835808
2.8978979 0.0039019279
2.9079079 0.0037275776
2.9179179 0.0035602749
2.9279279 0.0033997717
2.9379379 0.0032458268
2.9479479 0.0030982062
2.957958 0.0029566824
2.967968 0.0028210346
2.977978 0.0026910484
2.987988 0.0025665162
2.997998 0.0024472361
3.008008 0.0023330128
3.018018 0.0022236567
3.028028 0.0021189843
3.038038 0.0020188178
3.048048 0.001922985
3.0580581 0.0018313191
3.0680681 0.0017436589
3.0780781 0.0016598484
3.0880881 0.0015797367
3.0980981 0.0015031778
3.1081081 0.0014300308
3.1181181 0.0013601594
3.1281281 0.001293432
3.1381381 0.0012297215
3.1481481 0.0011689052
3.1581582 0.0011108648
3.1681682 0.0010554861
3.1781782 0.0010026589
3.1881882 0.00095227693
3.1981982 0.00090423789
3.2082082 0.00085844311
3.2182182 0.00081479755
3.2282282 0.00077320968
3.2382382 0.00073359141
3.2482482 0.00069585791
3.2582583 0.00065992757
3.2682683 0.00062572191
3.2782783 0.00059316542
3.2882883 0.00056218554
3.2982983 0.00053271251
3.3083083 0.0005046793
3.3183183 0.00047802155
3.3283283 0.00045267742
3.3383383 0.00042858757
3.3483483 0.00040569503
3.3583584 0.00038394514
3.3683684 0.00036328549
3.3783784 0.00034366579
3.3883884 0.00032503784
3.3983984 0.00030735546
3.4084084 0.00029057438
3.4184184 0.0002746522
3.4284284 0.00025954833
3.4384384 0.00024522388
3.4484484 0.00023164165
3.4584585 0.00021876605
3.4684685 0.00020656303
3.4784785 0.00019500001
3.4884885 0.00018404585
3.4984985 0.00017367081
3.5085085 0.00016384644
3.5185185 0.00015454557
3.5285285 0.00014574225
3.5385385 0.00013741172
3.5485485 0.00012953033
3.5585586 0.00012207551
3.5685686 0.00011502573
3.5785786 0.00010836045
3.5885886 0.0001020601
3.5985986 9.6106017e-05
3.6086086 9.0480405e-05
3.6186186 8.5166318e-05
3.6286286 8.0147611e-05
3.6386386 7.5408912e-05
3.6486486 7.0935583e-05
3.6586587 6.6713695e-05
3.6686687 6.272999e-05
3.6786787 5.897186e-05
3.6886887 5.5427311e-05
3.6986987 5.2084941e-05
3.7087087 4.893391e-05
3.7187187 4.5963918e-05
3.7287287 4.3165178e-05
3.7387387 4.0528396e-05
3.7487487 3.8044744e-05
3.7587588 3.5705844e-05
3.7687688 3.3503742e-05
3.7787788 3.1430892e-05
3.7887888 2.9480136e-05
3.7987988 2.7644684e-05
3.8088088 2.5918099e-05
3.8188188 2.4294281e-05
3.8288288 2.2767447e-05
3.8388388 2.1332119e-05
3.8488488 1.9983108e-05
3.8588589 1.8715501e-05
3.8688689 1.7524646e-05
3.8788789 1.6406141e-05
3.8888889 1.5355819e-05
3.8988989 1.436974e-05
3.9089089 1.3444177e-05
3.9189189 1.2575606e-05
3.9289289 1.1760695e-05
3.9389389 1.0996297e-05
3.9489489 1.0279436e-05
3.958959 9.6073027e-06
3.968969 8.9772446e-06
3.978979 8.3867562e-06
3.988989 7.8334731e-06
3.998999 7.3151642e-06
4.009009 6.8297243e-06
4.019019 6.3751682e-06
4.029029 5.9496238e-06
4.039039 5.551326e-06
4.049049 5.1786117e-06
4.0590591 4.8299133e-06
4.0690691 4.5037544e-06
4.0790791 4.1987445e-06
4.0890891 3.9135742e-06
4.0990991 3.6470111e-06
4.1091091 3.3978951e-06
4.1191191 3.1651349e-06
4.1291291 2.9477039e-06
4.1391391 2.7446368e-06
4.1491491 2.5550257e-06
4.1591592 2.3780175e-06
4.1691692 2.2128104e-06
4.1791792 2.058651e-06
4.1891892 1.9148319e-06
4.1991992 1.7806884e-06
4.2092092 1.6555969e-06
4.2192192 1.5389717e-06
4.2292292 1.4302636e-06
4.2392392 1.3289568e-06
4.2492492 1.2345681e-06
4.2592593 1.146644e-06
4.2692693 1.0647596e-06
4.2792793 9.8851638e-07
4.2892893 9.1754118e-07
4.2992993 8.5148429e-07
4.3093093 7.9001819e-07
4.3193193 7.3283622e-07
4.3293293 6.7965127e-07
4.3393393 6.3019466e-07
4.3493493 5.8421498e-07
4.3593594 5.4147702e-07
4.3693694 5.0176083e-07
4.3793794 4.6486073e-07
4.3893894 4.3058445e-07
4.3993994 3.987523e-07
4.4094094 3.6919638e-07
4.4194194 3.4175986e-07
4.4294294 3.1629625e-07
4.4394394 2.9266879e-07
4.4494494 2.7074982e-07
4.4594595 2.5042017e-07
4.4694695 2.3156867e-07
4.4794795 2.1409163e-07
4.4894895 1.9789233e-07
4.4994995 1.8288059e-07
4.5095095 1.6897234e-07
4.5195195 1.5608926e-07
4.5295295 1.4415835e-07
4.5395395 1.3311162e-07
4.5495495 1.2288574e-07
4.5595596 1.1342177e-07
4.5695696 1.0466482e-07
4.5795796 9.6563808e-08
4.5895896 8.9071227e-08
4.5995996 8.2142869e-08
4.6096096 7.5737624e-08
4.6196196 6.981727e-08
4.6296296 6.4346277e-08
4.6396396 5.9291627e-08
4.6496496 5.4622641e-08
4.6596597 5.0310819e-08
4.6696697 4.6329698e-08
4.6796797 4.2654703e-08
4.6896897 3.9263026e-08
4.6996997 3.6133496e-08
4.7097097 3.3246472e-08
4.7197197 3.0583736e-08
4.7297297 2.8128391e-08
4.7397397 2.586477e-08
4.7497497 2.3778351e-08
4.7597598 2.1855674e-08
4.7697698 2.0084271e-08
4.7797798 1.8452589e-08
4.7897898 1.6949931e-08
4.7997998 1.5566391e-08
4.8098098 1.42928e-08
4.8198198 1.3120672e-08
4.8298298 1.2042155e-08
4.8398398 1.1049986e-08
4.8498498 1.0137447e-08
4.8598599 9.2983285e-09
4.8698699 8.5268876e-09
4.8798799 7.8178182e-09
4.8898899 7.1662173e-09
4.8998999 6.5675556e-09
4.9099099 6.0176499e-09
4.9199199 5.5126378e-09
4.9299299 5.0489536e-09
4.9399399 4.6233064e-09
4.9499499 4.2326597e-09
4.95996 3.8742123e-09
4.96997 3.5453805e-09
4.97998 3.243782e-09
4.98999 2.9672207e-09
5 2.7136724e-09

