 1.08656 0.767409 0.351042 1.46044 0.243549 0.00385511 1.63334 -0.136333 0.266563 -0.604732 0.340616 -1.93524 -0.562287 1.29663 -1.52045 0.712861 -1.17014 -1.13273 -3.48254 0.471507 1.74107 2.22553 -0.331196 0.654953 0.641732 -1.15434 -1.994 -0.734613 -1.63931 0.0661178 2.15507 -0.867466 0.821899 -0.199255 -1.66173 3.2902 0.330026 -2.31783 1.42177 -0.46838 -0.42785 2.16828 -1.00853 -1.46682 -0.402157 -1.74188 0.249684 -1.31092 1.66126 -1.90267
 -0.935834 0.302542 1.5903 2.24966 2.07525 2.68578 -4.09587 -0.595663 -1.31482 1.01786 2.95364 4.03329 1.93774 -0.823659 -1.05078 -0.281082 3.62318 2.50606 1.51905 -2.94465 2.23171 -0.444635 -2.98558 0.995478 -2.59231 3.23575 2.45684 1.1658 2.63271 -1.52846 0.680483 2.25813 -0.827021 -0.665807 -1.90037 1.91049 4.67828 0.148899 0.577864 0.590591 6.10869 3.27706 -3.0571 -0.175795 -1.48666 -1.45016 -2.15777 -0.197655 0.35196 3.08088
 2.40569 0.0616507 1.93281 1.45151 0.619203 0.93275 -1.14624 0.408385 0.643264 -0.527483 0.874553 -1.97389 0.0515447 1.07931 0.378832 -2.29412 -0.102994 -0.324901 -1.13337 2.85043 0.52668 -1.75559 0.387699 1.37632 0.165975 -1.4198 2.03467 -4.66584 -0.999541 -2.24329 0.0816744 -1.22298 3.64396 2.93698 -1.06453 -0.41322 -2.19847 -0.0839068 -0.294446 -0.863045 -5.06923 -0.306074 -3.21036 2.47156 0.338347 0.954936 1.96256 -3.10887 1.23426 0.169789
 1.78753 0.99192 0.11002 3.12175 -0.257681 -1.68898 3.77396 -3.63728 -2.17409 2.90161 -0.286171 0.564125 0.281482 0.080366 -0.908486 2.00767 -0.402688 1.69467 -0.0960008 5.61276 2.55856 0.98974 -0.855456 2.49084 3.98831 2.06954 -0.790852 2.75778 -0.228373 -0.370308 0.669167 0.741324 1.03259 0.0864419 -3.50234 2.70271 2.0225 -1.74132 0.247906 3.92227 -1.03589 -2.98633 0.781435 0.87504 -1.04423 2.72083 -2.59838 -0.0341119 -2.61795 -1.40263
 -0.560826 1.18031 1.60911 -0.221098 5.06371 0.477566 7.11593 -3.17769 -1.59319 0.183616 -3.66037 -2.64969 -2.51161 -3.87024 -0.718136 -0.342534 2.62655 -0.304928 -0.639352 0.0808041 3.8494 -1.45655 -2.23037 -1.66413 -0.205947 -2.43199 -2.06013 -4.2421 0.469379 -1.8414 -2.03587 -1.09919 2.53805 -2.03491 0.766917 0.788737 1.70953 -0.0203761 1.21172 -1.90949 -2.9675 -2.93064 1.88535 0.089879 1.95655 -2.90388 -3.71285 -3.67851 -0.335533 -1.55846
 2.63501 -0.882256 4.57683 1.24071 -1.03948 2.24377 1.78739 -1.5586 1.80949 -0.705151 0.485685 -0.158355 -0.903604 0.550559 3.29439 -5.11672 3.65294 2.58842 1.03009 -3.31743 0.0929688 2.32213 -3.79514 2.45138 1.28806 2.34742 -2.6333 -0.366626 2.12129 -2.39133 -0.844228 3.48448 0.325557 -2.93143 4.10975 -2.49019 -1.00096 2.71016 2.29633 0.0855346 1.29201 -2.73108 -1.37918 2.63662 4.58848 -2.22678 -0.523611 1.68891 -0.819719 -1.36739
 4.82043 0.0131684 -1.05911 0.715993 1.87365 -0.525012 0.38713 2.03341 -2.74068 1.05494 1.10868 -1.78916 1.04437 -2.06203 -3.73231 -4.19461 -2.24514 -2.79651 -0.0909566 2.47091 -4.29935 2.48827 -5.08136 2.82957 -0.0467079 -2.47258 -1.50598 3.26895 -1.56095 2.20405 -2.03299 -0.0106913 -6.31365 0.568888 3.69323 0.14338 -2.14357 1.46911 -1.15691 2.50757 7.76549 -7.12714 0.247181 0.510951 1.56057 -0.907121 -7.44635 2.97675 5.10814 -2.57068
 -1.7583 -2.88743 -2.5936 0.398947 1.54197 -1.27265 -3.09846 3.01641 -1.58157 -4.00038 -2.24451 -0.523905 0.613001 -1.90751 1.84931 0.949453 -2.86481 -0.341828 -1.23178 -0.462593 0.0182483 -1.5787 0.790673 2.78105 -2.17492 1.2397 -3.45765 1.1354 1.8286 -2.08881 2.53521 4.652 4.65077 -0.66978 -0.335391 -2.76608 0.154827 -0.969472 1.54389 2.22663 -1.57609 0.082821 -1.22617 -0.165956 -1.46108 1.06256 0.326985 1.31191 0.434649 1.91163
 0.0937211 2.42872 -1.16614 -1.17044 -1.91252 -0.735323 -2.1565 -2.15526 -0.336627 -0.378501 -0.425642 3.43661 0.0457363 -0.388838 0.349226 0.756615 -0.759612 0.0858532 -0.0427893 2.71224 -1.79797 0.583534 0.149168 2.35943 -3.5275 -0.0130209 1.64234 2.39855 -1.45038 7.35521 -2.1749 3.93742 0.666318 2.83069 1.28952 2.10727 3.1967 8.29945 -0.728208 -3.31545 1.02133 -1.91665 2.44736 0.990479 -2.40331 -1.35273 1.92096 -1.37042 -2.87224 -0.200485
 1.70534 -0.49574 2.41878 2.88809 -1.08876 0.0702301 3.28895 -0.0424771 4.90709 -0.0572893 -3.27232 -0.472071 -0.016636 3.27028 -0.295236 0.462598 -1.76732 -5.54245 -1.96372 1.36162 1.19473 -4.06784 -0.6403 2.30236 -6.27955 -1.91887 0.13312 -0.151373 1.13732 -1.89157 0.331055 -3.17155 -1.57238 0.872538 -0.602367 1.09143 -1.97071 -6.70488 -3.80181 -2.58087 0.645497 -0.810179 0.149884 -3.44848 0.159296 -2.18641 -2.45362 -1.18891 -2.34678 -4.59749
 0.889636 -3.45068 1.02228 -1.13132 -1.50235 3.20903 0.822565 2.38683 1.21076 -1.49534 -1.27122 1.37433 -0.20207 1.36209 1.55651 1.09831 -0.0916815 -1.9648 1.15337 -0.184259 -1.52243 -0.592775 1.63546 -2.21355 2.26747 -1.04969 -0.894863 1.90578 -1.1208 1.46919 1.63155 1.20815 -0.299416 1.36336 0.405684 -2.83432 1.44636 -2.55249 -0.251198 -0.34033 -1.52184 0.46535 0.604142 -1.44159 0.992446 1.18753 -0.455837 4.36091 2.28326 0.156267
 -0.362886 1.67332 -1.15082 0.0060341 1.10202 0.520788 -0.438087 3.18657 -0.963911 0.934664 0.695703 0.771177 0.731083 -1.83679 -2.44351 -0.209569 -1.74763 -2.8024 -2.08906 0.600043 2.41102 2.41869 0.771252 5.47459 3.17948 3.32476 1.40949 1.64499 1.49338 2.43493 -0.675825 -1.37901 -2.08088 -5.81197 -4.69166 -1.16582 0.155417 1.4216 -3.60527 4.09167 0.960364 0.36967 2.40529 -0.510096 2.47268 3.49728 -3.34335 -1.41432 -2.12497 1.38218
 -0.973379 0.234246 1.03021 2.71257 3.03289 -0.047688 -2.58053 0.137799 0.726491 -1.13775 -4.35048 2.0028 -1.52635 1.68013 -1.29809 3.77598 -3.49854 0.65836 4.51974 0.890959 -0.291839 1.44615 -0.429159 -0.994258 -3.03441 0.345165 2.88094 1.87935 4.44091 -2.39311 -0.586461 0.60693 -0.114569 2.97209 -0.55347 0.205144 -1.71538 2.21927 1.97462 -1.5869 1.08002 1.54332 -3.38056 -0.668976 -4.15171 -7.69479 1.19998 1.70012 2.06879 0.318467
 -0.841032 -0.0786575 1.00468 -0.0969631 0.498266 -1.85681 -1.34074 2.48941 1.68924 0.269263 0.497457 -2.48506 -2.41885 3.92219 -2.3664 2.57599 3.45882 -2.85477 0.302734 3.57658 3.7503 1.68045 1.59466 -0.0240325 -1.1009 2.2668 0.55101 -1.44249 -4.33985 2.96113 1.88985 0.270132 0.252433 -0.884292 -0.0194313 -0.0388436 -1.41922 -1.11331 -4.57124 -1.33831 -0.0757424 4.11915 -1.07732 -5.37249 3.37365 4.76315 1.84273 -1.12001 -2.75379 4.26059
 -0.179981 -0.118967 -2.27221 -3.2258 0.886653 -1.03659 -2.07644 2.56056 -0.462864 0.754865 2.33365 -0.167572 -0.990116 -3.20298 1.09633 -1.40231 -1.81532 1.64856 -3.10342 -1.1399 1.16882 -0.00732145 -1.71642 -4.02133 -2.43101 1.12097 -1.89676 -0.654812 0.960043 -1.60798 -0.2708 0.519845 -1.77889 1.51518 -4.88755 4.34331 0.290604 0.5198 0.968821 1.56584 -3.67514 -3.13373 5.50996 2.44811 1.00701 6.14243 -2.05601 2.70085 1.25937 -1.39111
 1.47348 3.03905 0.710012 -2.05704 -2.91926 4.95253 0.471302 0.0046882 4.47366 1.53405 0.886954 1.25337 -3.00168 1.82544 -0.876699 -0.183899 4.52085 -5.19882 0.0240932 -2.0412 0.14528 -2.99374 -3.11777 5.47356 -2.896 3.28745 -2.2935 -1.55148 -1.80415 0.628684 -1.4139 -1.8645 1.55179 -1.17891 -2.67406 -2.17252 -3.16248 2.0696 1.35923 0.0532595 0.903643 2.4944 -0.460002 1.19678 3.10925 1.99612 2.01021 2.70837 3.18988 0.525382
 -0.456184 -3.31399 -0.98703 0.341091 0.228249 -4.08488 -1.01174 -2.10799 0.649632 4.14261 -1.85975 0.832087 6.66447 1.78348 0.621777 -0.830036 4.64936 -2.05783 -2.70906 0.877637 -2.60299 -1.86754 -0.690402 -0.331731 2.06624 -4.12028 1.35401 0.36681 2.9789 2.56813 0.512189 0.81295 0.512728 -2.62818 6.00487 0.673513 -0.266465 -2.11398 -4.14973 -1.3344 -0.0905144 0.0526404 0.812242 -1.26742 1.56113 -0.0342554 -0.0346198 -3.01785 0.646984 -0.642375
 0.388798 6.48085 -0.348067 0.84952 4.05482 2.26446 -1.21317 6.68349 -0.988405 -1.42713 -2.01806 -0.145297 -0.666984 1.78554 -0.409071 -4.0219 0.0148061 1.78269 -0.416191 3.29573 0.903158 0.903561 3.40617 1.5157 -2.81648 3.11802 0.258736 1.25291 0.0881021 2.13914 -0.510375 1.49339 -1.08706 1.92333 -0.0926145 1.12541 3.22009 -1.17557 -3.20299 -4.2986 2.82193 1.3589 1.98756 -0.658744 -0.797285 0.0335524 4.51608 -1.30642 2.0285 2.2321
 0.621226 0.766879 -0.422533 1.00343 -2.24266 -2.59136 -3.05981 -3.51905 2.35757 -2.63764 -2.87259 0.909704 -0.526515 -3.81941 -1.32973 0.380545 -0.412608 -0.892986 -2.20155 -0.348655 -4.32417 -3.30239 -0.935624 -0.0187721 3.70456 3.29965 -5.65064 4.67784 5.18074 -1.73054 2.33105 -0.0293715 2.36516 2.07642 0.33289 2.18112 -1.37749 -0.43256 5.53914 1.09507 -0.559317 6.11225 2.15967 -0.0204288 -2.08073 -1.84619 1.83483 -1.93922 -3.35934 -1.81442
 -0.452566 1.50479 4.3453 -2.96784 0.336317 1.63486 -1.64265 0.270042 1.40006 -2.39253 3.51538 -3.03613 -1.39513 2.5019 1.69224 -1.785 1.30727 -0.690852 -2.51285 -6.78451 1.89019 -1.11261 -4.68699 1.05342 1.35221 -5.08538 -0.0579882 -5.35017 2.59692 -0.128192 0.057361 -2.24904 -4.06441 1.44738 0.923216 1.72687 0.20849 1.85727 3.70328 -1.9176 1.24868 -0.386215 -0.50681 -0.436766 -3.41375 -2.62901 5.71517 0.917743 -1.48628 1.26944
 0.615027 -1.77949 0.0960956 1.1269 3.03505 -5.54533 1.28563 -2.56018 -5.75571 -1.27258 -0.0862629 -3.75344 0.319204 -1.19443 -1.72835 1.92155 3.74154 -0.897774 -4.10118 -0.908266 2.52255 2.38352 0.651882 -2.55127 2.48302 -2.05045 0.882678 2.75179 -1.54683 3.32402 3.45703 -3.98415 0.468581 -1.09607 -1.81691 0.901653 -0.59611 -1.66407 2.9075 3.93767 1.63438 -1.10254 2.53382 -0.910358 -0.77894 0.494946 -1.61778 -3.113 0.029236 -0.359286
 2.29845 2.91787 -3.98249 0.603087 -0.994632 0.889067 -1.64061 -0.911231 0.321007 -1.33054 -2.99569 -1.52575 -4.64019 -1.02646 0.409725 -2.86126 1.8054 -1.38395 0.494498 4.06489 0.588457 3.88873 -1.0575 3.12978 -0.403086 1.15588 1.33057 2.74564 -4.63826 -0.764319 0.115644 -1.61905 1.32743 2.12914 -2.47759 3.39098 0.905639 -1.65339 -2.35011 1.43758 1.80379 0.739866 0.154108 -1.94097 1.07955 -3.96314 4.60948 0.257266 -1.76498 3.98313
 -1.96384 1.36147 -1.16203 1.82811 0.0680692 1.16729 1.26262 2.6696 3.73134 -0.707124 -1.36848 -3.08769 2.34164 1.48469 6.61449 -0.495205 3.0942 -1.52661 0.853263 4.93788 -1.35115 -4.28244 -0.368235 0.361696 3.18492 -1.86284 -3.06916 2.73714 -2.86418 0.657329 1.97509 -3.52066 1.72854 0.105992 3.30864 -6.2578 -0.871746 -0.780766 -3.81954 4.1863 0.813901 -0.300094 -0.0137849 -1.25666 -2.63058 4.38195 0.691219 1.78639 1.37334 -0.422702
 2.54271 -0.587259 6.89304 0.111165 6.36086 -0.662747 -1.17971 3.76815 1.90167 -1.32296 -0.434485 -0.017374 -2.42731 -1.24989 1.87457 3.18408 -1.20145 -0.394808 -1.1444 0.738296 0.173201 0.590329 -0.0523154 5.60481 2.25569 -1.53242 0.908352 0.490867 -0.915224 -0.392806 1.69947 0.530931 0.751677 0.796439 2.81662 1.19723 0.795463 -0.270996 -0.418564 0.718224 -3.22962 0.544842 0.0817449 -0.786588 -0.521604 1.22637 7.8496 -3.99108 0.643847 0.121335
 -2.87699 0.136649 -0.807407 2.37065 3.26374 3.90247 0.897109 3.2675 1.15139 -0.59245 -1.77847 0.386503 -1.56486 1.72285 4.87768 -2.67808 3.77147 -3.3688 -0.996889 0.256828 -3.15032 0.945023 0.0526829 4.26312 2.45633 0.0694026 6.05161 1.30764 1.45415 0.929155 1.80878 -7.79146 -2.52006 3.2176 -1.18839 1.01283 1.1795 -1.96967 -4.36932 0.914744 -0.159526 1.71342 -1.12508 4.2852 2.0689 -3.2504 -0.142968 -0.180625 -1.46525 -0.266527
 0.545589 -1.31157 -1.58048 0.784794 0.280569 0.734458 -3.25171 3.55159 2.62118 3.82748 3.13588 3.95289 -1.68332 -2.17118 -0.421527 1.25379 -0.278489 -2.79285 2.21583 2.95252 -1.30542 -0.670502 -2.09182 2.80244 0.0638518 -0.807139 -0.301931 4.60061 -1.03706 0.150639 0.556959 0.754865 0.956607 3.08128 4.6295 -2.31429 -3.17318 0.854532 -1.42488 1.91361 2.18583 0.983037 0.64433 -0.646327 2.87724 1.13527 1.02112 -4.12915 0.448316 -2.98544
 1.70478 1.2353 -0.75743 1.60845 -0.594896 -1.92307 3.30553 -0.262771 -0.306669 3.22252 1.87899 -0.963908 -1.87279 -0.374422 3.53427 0.186624 0.75654 -1.40255 2.01361 0.97985 3.50067 -0.748747 4.34729 -0.186753 0.619447 2.18123 0.51346 -1.93076 2.85352 -1.81095 -0.0793553 1.98615 0.455926 5.26027 0.909486 1.39018 0.782274 -3.30533 4.33455 2.91078 -4.77916 0.823082 0.571712 -1.91095 -0.0779417 0.824843 1.82984 3.37837 1.5122 -0.297146
 0.416269 -1.40105 1.45425 2.49303 -1.33334 -1.46422 -1.45905 4.90889 1.58879 -0.571515 -2.0722 5.34215 -2.53834 1.50566 -2.05804 -3.28852 1.31603 -0.501597 1.53504 2.63948 -2.06963 0.306585 1.95559 4.08564 2.74858 -2.39583 0.913952 1.04454 3.61035 1.22942 3.53745 -4.87707 -2.94856 1.56045 -3.47084 4.06014 4.66817 -0.201096 2.01119 1.05359 -2.9208 0.698532 1.98728 1.64249 2.49815 0.500332 1.15744 -4.00209 -3.50896 0.763694
 -1.78491 -0.412878 -1.72528 -0.520621 1.9862 3.07673 4.70735 -0.866043 0.0660491 0.134555 2.56583 -1.93545 0.634589 -1.92951 2.62659 -1.54106 -0.691805 1.73105 0.515299 -1.50727 -1.61037 1.79311 -2.34965 4.90026 -3.52738 -0.317911 1.77799 0.0946175 -2.49287 0.87322 -2.56864 -0.766844 0.510906 -2.04459 0.977606 -2.08437 3.04677 1.85036 2.0432 -0.791101 -4.04798 -0.725566 -0.50292 -4.77759 7.40354 -0.559225 -2.64715 -0.0567363 -4.72353 3.6504
 0.0905834 0.766258 -1.29455 2.30247 0.145489 1.0599 -4.10236 -3.84113 0.480905 -0.476351 2.51287 -3.41405 0.474429 2.39237 1.64033 2.64439 -0.045816 0.101748 -2.49138 -0.564459 -1.97261 0.676119 0.490047 -0.581128 4.01741 3.8665 4.99303 2.06859 0.702326 -0.230356 -0.830607 1.24613 2.6291 1.46341 0.843008 1.80954 -0.11516 0.444524 -3.14224 -1.08897 -1.72178 -1.00486 -4.61268 -3.13639 -0.0815863 3.21288 -3.1404 -0.154246 -0.766575 -2.93278
 3.04801 -1.64832 -3.59931 -1.94059 2.05845 0.434373 -4.78396 0.406289 0.930054 -1.45043 4.92008 -2.32913 0.757188 2.37344 2.78775 0.982912 2.42378 -1.17174 1.84119 -2.33531 -1.6936 -0.512501 -0.380544 -2.17684 -1.43605 5.85746 3.18286 3.67214 -1.28274 -1.96565 5.76536 -2.50624 -2.48177 5.62698 3.29381 0.254629 4.06563 -0.315446 -0.665108 2.51345 3.00371 0.303974 2.98356 0.788709 0.529889 -0.515385 3.23511 1.16391 1.15265 -2.1393
 -1.24437 -1.4195 -0.671264 4.60297 -0.314926 0.544864 1.02506 -0.161119 0.311003 -0.479491 0.471429 1.39932 8.19365 0.457674 -0.39355 3.47636 1.15605 -0.344751 2.36563 2.99325 0.843761 2.08033 -1.04175 -0.68948 -2.59754 -1.27604 0.798666 2.25886 0.573328 -2.9583 -3.47562 3.35097 0.529077 -0.806291 2.47284 6.41539 4.12662 5.41998 -2.11689 2.3548 0.603991 -0.477704 -0.709015 -3.83079 -3.79653 -0.228082 2.39278 -2.91422 -1.1143 1.88569
 1.54365 0.173404 -1.75634 0.527537 -2.81501 -0.0934594 3.08648 0.475546 1.7419 -3.27517 -1.61123 -1.87142 -2.61567 1.16849 -4.43736 -0.0269101 2.80883 4.09487 -0.382626 -2.88 1.48623 -1.37672 -0.424915 -4.84669 -0.694723 3.61439 -1.90945 2.83996 0.948094 -0.754144 2.39178 -1.37404 5.77741 3.26921 5.18585 -0.959527 1.60253 -2.12153 0.554238 2.21202 -1.77781 0.709093 0.366783 3.66 4.15349 -1.25329 3.31089 4.49144 1.6634 2.36606
 -3.20762 1.14509 -0.108783 -1.1054 2.1607 0.912732 2.02823 -2.76605 -2.68911 -2.44904 -1.25614 -2.60249 2.40494 -3.56066 -3.25657 -0.949712 -2.081 -3.30893 -1.41867 -1.30649 0.270613 0.643379 -1.76298 0.905382 -1.57781 -0.0361367 0.393503 3.44463 0.0336602 -2.10249 -2.7239 0.940711 3.86365 -0.984831 4.67593 -4.61572 0.938674 -0.308638 1.25436 -0.00885134 -3.15636 2.87383 1.20589 0.16647 -2.10889 1.96418 -0.0309221 0.893323 6.17564 -1.82358
 -1.50107 2.77721 -1.72296 4.84936 0.8733 1.8529 1.83821 0.813152 2.01373 -0.0718635 1.77594 2.99055 5.13983 -1.08747 -1.22575 -4.40354 -2.60883 0.340831 -0.419727 5.3941 -0.110288 3.04204 -1.39634 1.79755 0.655394 3.22103 -1.83501 -1.10185 0.731922 -0.743245 3.67431 1.51198 -3.1184 1.00813 1.16973 1.1574 3.19547 -1.0363 -3.0603 -2.92322 5.44816 1.54635 8.13289 -3.20634 -3.99983 -7.52388 -0.206902 1.03162 -2.81659 -2.9469
 -0.765585 4.50688 3.02392 3.17432 -0.93911 1.70205 1.3227 -2.95758 4.16809 -1.35422 5.11176 2.16417 -2.35979 0.321781 0.930293 0.721928 -4.14059 -0.683086 1.21495 0.649325 2.28613 3.83887 5.57818 -0.871434 1.96353 0.719357 -0.582275 3.32084 2.75325 -1.48534 -2.99918 -0.989912 1.34248 0.669377 2.60385 -1.17535 0.393061 0.268673 -0.648291 -1.07872 4.29346 -3.68916 3.21278 -0.84276 -3.32762 0.206832 -0.808003 -0.29623 -0.334175 0.990563
 -0.361957 4.97867 -3.02586 -0.972513 -0.0230285 1.53692 0.429275 -0.243001 -0.323826 2.53298 -1.40222 -2.8673 1.50429 -4.76404 0.934661 -1.9651 1.52732 -2.54086 -2.5608 -2.40626 -1.44948 1.52548 1.00996 -1.28068 -1.31222 0.550498 -0.659806 2.30582 -0.622097 1.13294 -3.80903 -2.20701 3.74611 -4.29945 -1.37487 -2.12111 4.68313 1.60659 0.698677 2.2957 -0.186598 0.968159 1.52627 0.281418 3.48147 0.816551 1.34275 2.98831 4.69092 -3.02426
 -1.88491 2.43306 -0.571256 1.57475 -1.2419 -2.23696 -0.478251 -3.88369 0.17123 0.132531 1.92737 -0.624466 -0.508353 -1.99126 -1.99251 -0.249285 -2.62036 0.638937 -0.524078 -2.47874 -0.57906 -0.937383 0.814133 -4.13933 1.43092 -2.73364 -3.21218 3.36703 -0.407848 0.869594 -0.313856 3.11916 -0.0453716 -1.83708 -3.21226 0.943473 2.60522 -2.76077 2.02324 2.25997 3.22406 3.95284 1.76249 2.98545 2.08028 -5.96159 -2.42304 1.22354 1.50312 -1.78118
 3.32037 0.104221 -0.362477 -0.539899 -0.134763 -4.35689 0.178587 -3.33151 -2.1813 1.80444 4.99417 3.05722 1.25428 -6.89244 3.2118 -4.41966 1.47498 0.696412 1.64959 -0.409139 -1.71946 -0.398979 1.22548 3.83497 -0.453115 0.11966 -2.81733 0.484968 0.678777 3.98202 -0.0567335 1.9902 -2.37266 -3.34462 4.62797 -0.57789 -1.88481 -3.81212 0.56359 1.34723 -2.37137 -4.0642 -1.4306 -0.699668 1.91855 3.4875 2.01588 0.347838 -0.333881 -0.494519
 -0.987808 -1.22707 -0.34855 -0.440361 2.90988 -0.084468 0.43032 2.46892 -0.542774 -4.76977 -4.65304 -0.768292 1.04758 1.23187 -0.107951 -1.11865 -1.02344 -0.362448 -2.10886 -3.51487 -2.46218 3.80649 2.9126 2.61466 2.77364 -0.204149 -2.87676 -1.93571 -4.63306 -0.679376 -1.8919 -0.438987 0.425803 0.279668 4.19031 -4.66442 1.57765 0.752718 -0.0132546 6.21149 0.496603 -3.08055 -4.40808 -1.48475 -1.5731 0.96016 -0.41989 1.31031 -0.304669 -1.61083
 2.94772 -2.6034 0.918713 2.3031 1.41429 -2.87333 0.362453 0.371876 -0.161539 -1.35456 -4.20483 -1.03629 -1.38307 2.99371 -0.253873 -2.06347 -0.007298 1.08803 0.512194 0.603374 -2.68067 -1.30443 -0.0962236 -0.719617 3.49198 0.418948 1.334 1.12544 0.913078 0.734041 -2.14084 1.56081 -0.0482801 -3.24433 -0.676005 2.47291 -0.169134 3.30229 -1.32449 4.03166 -1.55067 -0.270963 0.0916907 -2.06318 2.32196 -2.92697 6.61534 -1.79764 1.29275 1.21181
 -3.0266 1.68451 -3.95606 -4.77741 1.60279 -1.51897 3.28964 -4.24892 -5.13921 -2.52324 -2.33666 -2.80158 4.55004 -1.76189 -1.59909 3.97601 0.416331 -4.47709 2.56422 1.7077 -0.894343 -0.203343 0.552136 2.56638 2.03029 3.5914 0.825307 -1.25997 0.384798 -3.58271 -0.0807556 -5.92624 0.00941912 0.199715 -0.322823 0.957903 -1.07227 -0.149987 -0.514604 4.50352 -3.85211 0.564481 0.578964 1.17469 0.269104 -1.9942 1.36915 2.46963 5.56114 -2.42127
 0.200563 -5.70623 -4.53554 -2.93188 0.392613 -1.3872 -1.40625 -0.478744 -3.19833 1.21482 -2.43817 0.24839 -1.50983 2.93 0.865573 -0.703614 -0.141413 -3.72347 -2.47088 -4.92751 0.384956 -1.85457 -2.63015 -4.25444 -1.41922 0.371864 -1.62351 2.66298 -0.761435 -2.23972 0.470598 -0.310796 2.40883 -5.49593 0.0373569 0.142147 -0.932763 -3.75565 -1.13335 0.57347 1.15588 1.69354 -1.70679 -0.978946 -3.50458 -2.38617 1.47023 0.763808 -4.82896 -1.03419
 -0.419304 2.31576 0.484813 0.118968 1.84373 1.38994 -0.547953 -3.45405 0.760652 -0.65177 -3.23042 1.41284 -3.18132 -0.509671 2.97111 -0.663139 -0.697897 -1.91235 2.12521 3.25971 0.430574 -0.788951 -4.07122 -3.57707 4.27749 -3.61151 -0.27411 0.709254 -0.044743 1.89385 -2.81607 -0.043947 -2.10135 -1.02665 -3.65552 -1.14848 -1.06882 -0.511939 -2.14734 1.47213 -3.33836 1.76088 -3.35756 -0.410493 5.60499 3.22955 -1.78897 0.580665 4.80804 -0.832102
 0.894133 0.685184 -0.705018 -0.0195386 -3.80288 -0.115671 -1.01732 6.39927 -0.309481 2.01332 -2.52499 2.63607 -4.11411 0.55461 1.05508 -5.11075 0.75297 2.6311 -1.87964 -0.867499 -2.3049 -0.556124 1.43946 0.0742355 -1.84835 4.87016 -1.2776 -2.42637 1.36082 -5.2953 -1.74767 -2.03716 -0.222647 -0.0805022 -0.0367194 -2.46241 0.931569 3.11386 -0.90118 -1.99778 -1.08562 3.16465 1.59339 0.628773 4.258 -0.89173 0.482179 -1.38278 0.746928 -0.575981
 -0.213806 -1.34224 -0.208166 -2.44205 -0.302055 1.73494 -0.689895 1.93113 1.24156 -0.377698 -3.42262 -4.64672 -1.39226 0.376994 4.25489 0.113837 1.46069 0.351975 8.00744 -2.913 3.74525 1.3551 1.26226 -2.6531 -1.68816 -0.369409 4.34692 3.96884 0.342053 -0.146453 -0.642323 1.25935 1.738 -0.0945311 -2.14494 -6.65627 -2.16954 0.378508 1.58539 0.556821 4.27056 -3.4286 -4.43157 -1.8309 3.34159 1.38991 0.400212 1.82417 4.27927 2.84624
 -3.441 -0.630866 -3.64369 -0.729706 -0.691097 -0.434636 3.25633 2.91471 -1.47638 1.38562 -1.62328 0.584448 -1.98788 -1.24717 2.49003 2.04279 -2.86332 0.72772 -2.89172 -0.299829 -0.2566 -0.787655 -3.02861 0.87828 0.0519088 -0.94072 -0.291544 -0.328422 -2.4617 0.703931 -1.03423 -2.39037 1.52529 -0.934441 7.0194 -4.69981 1.14588 -3.41223 1.5001 -4.25169 -0.808313 0.403243 1.29098 0.0970838 -2.25449 -2.92393 1.23829 -0.141093 0.573234 3.65111
 -4.63004 -7.67286 -2.72295 3.59591 -0.214982 -2.67945 -2.05222 1.6888 -2.67717 -1.07368 2.06983 0.189735 0.614772 2.2155 0.514542 5.50679 -1.39147 2.03214 -0.871827 0.841054 -4.00465 -1.56452 3.82478 3.67543 5.08539 2.17402 2.65124 -0.686677 1.4735 -1.97814 2.11335 -1.72862 2.03654 3.75939 4.72641 2.3011 -0.0441403 -1.83861 2.33499 0.459375 -3.36663 -1.48515 -2.05225 3.08535 -0.935415 1.75637 1.93211 4.96898 -1.08821 -2.1267
 -2.39885 3.62402 -0.481326 2.00117 -2.89643 -5.29013 1.41861 1.04546 1.07956 -1.61651 -3.88661 -2.75766 -1.19024 3.26881 -3.7474 0.322906 -3.57961 0.647412 -3.10916 -5.11138 -4.65196 0.517338 -0.0177182 2.24797 -2.61616 0.256301 3.2574 -1.32458 -1.65398 -1.08845 -2.01174 -0.0959471 -5.3912 1.64147 2.8024 -3.76708 0.467543 0.165134 3.70099 7.67926 -0.643774 0.873671 2.292 -1.52633 -0.990317 2.44719 1.27354 -0.128052 1.98767 -5.46343
 -0.775923 1.34673 3.07328 2.78167 1.92551 0.154064 -5.90651 -3.31776 -0.623996 0.711237 -0.945538 3.63124 -0.866128 -1.58396 -2.17624 2.90825 -5.08777 -0.797982 -0.837627 2.8119 4.26794 -2.34651 -0.464245 -3.13086 -1.38458 -3.80565 4.00649 3.11301 -2.10022 1.46758 -2.5274 -2.73178 1.52377 2.9476 -0.0563302 -2.47055 -0.564206 -2.29607 0.647762 -0.12166 1.5871 -1.27464 0.0389273 -1.33453 2.82321 0.506741 -0.0959981 0.562578 2.48697 1.98762
