50.0654
29.9213
37.1358
37.29
27.7664
58.4455
29.4483
33.2225
28.0659
36.0125
100.605
13.2921
41.4131
41.3281
6.78929
59.1435
93.1415
60.7564
53.4548
43.8999
21.4551
47.5335
85.5636
48.6213
74.0501
49.1901
35.3654
54.8475
156.711
16.8919
146.101
35.0882
39.0302
60.6732
28.9638
97.1215
34.1108
76.9124
64.2486
92.2025
103.091
96.7239
36.2942
89.6639
33.9801
59.3171
34.9119
84.365
68.9884
56.3986
18.3454
136.407
106.905
45.9799
161.43
70.8972
35.3553
36.9592
21.5872
49.051
52.9155
4.16502
70.5289
26.6421
58.7845
68.2395
36.4379
88.8161
73.3171
67.7578
99.6998
75.8624
45.6721
90.9205
-4.56057
48.2682
15.0993
31.6668
44.7313
113.947
84.4503
28.1051
151.849
37.7678
-1.97109
63.159
53.3776
66.0084
34.4621
53.1396
64.4175
25.5843
28.203
47.0774
19.3249
30.868
66.2075
27.2144
98.2799
69.6487
44.3624
185.493
-51.3765
35.4716
51.0625
35.4461
43.8373
70.173
74.4445
30.4745
54.4332
-19.6351
-4.92767
54.8967
68.9067
17.9777
29.5986
42.6025
84.7209
44.7185
29.8537
24.2048
31.3917
39.6919
44.2991
24.2739
54.9511
36.3862
26.1965
39.7765
155.09
31.1661
49.2936
80.0814
47.0538
17.04
39.411
27.2698
159.76
35.8618
70.7486
26.1444
43.9433
31.6218
92.8534
39.3125
120.407
61.7276
30.6978
41.9049
55.1156
34.9378
18.1637
3.3651
31.3742
29.6976
65.7345
16.948
35.7059
99.4222
35.8045
42.0124
46.7906
40.551
8.48845
44.4226
38.7279
37.0924
73.3093
47.7808
32.6263
28.7295
228.71
61.9928
110.573
104.477
44.4416
72.3069
42.169
17.9057
71.6941
-9.14986
71.6747
48.5416
43.7752
60.3741
79.0821
61.7026
17.0287
74.9035
56.3051
64.0434
148.034
54.924
53.1316
141.966
73.9307
37.3391
32.4545
83.5323
34.3373
28.6954
88.2218
83.8478
47.5351
45.1645
21.9542
48.2058
36.4241
170.984
20.8698
59.4925
86.6426
118.001
-28.8127
108.272
2.12566
-8.00922
45.5506
26.9007
67.5062
32.1677
46.1276
61.3639
114.639
25.0189
43.8361
23.7546
100.21
22.3669
86.8289
23.6509
39.8103
15.9133
70.7584
71.2814
44.5281
29.3177
12.7637
28.2364
118.705
40.5338
51.2949
51.8809
56.879
96.6765
128.016
57.0764
99.4244
72.5779
70.638
56.6082
53.5139
35.3058
48.399
20.9308
36.4789
65.4673
171.471
44.3136
17.3459
182.548
76.282
60.8315
40.9352
42.3426
135.424
81.8548
47.5389
176.645
60.3101
12.888
28.5639
63.4562
43.851
81.2566
69.5186
71.603
98.8144
28.0259
42.0333
45.6778
81.0229
153.126
108.409
27.5288
46.2332
142.537
10.7871
42.3665
27.9269
52.622
47.9271
-14.3664
74.9338
51.8614
139.951
59.0833
112.876
50.9719
33.0002
38.4291
32.4748
56.546
62.4798
71.2814
68.2083
36.7788
14.563
60.8377
35.2736
67.4171
21.7803
182.985
95.2232
100.088
59.0645
60.8371
55.6811
61.5891
22.6112
40.5742
10.0712
53.7805
84.9259
145.755
38.9292
28.8243
40.133
48.0006
71.9109
59.0802
105.437
66.8105
64.0434
96.3381
70.9779
56.1852
110.392
14.6932
82.2437
51.3816
31.4141
26.4149
2.26788
78.0687
68.2747
56.957
15.4547
88.0955
62.0362
24.9801
41.0772
32.5812
186.312
20.1669
74.5388
22.3531
70.0611
49.5818
31.049
29.201
29.3553
31.049
29.201
31.049
31.091
31.049
31.049
30.6109
31.049
35.0279
36.2138
41.7751
36.0196
54.0758
45.3411
43.5811
43.0472
34.2488
51.8144
-5.76746
30.3499
39.1192
35.2464
31.1683
31.1683
24.4794
21.1526
75.261
59.362
59.362
37.009
46.4654
45.0687
67.2588
143.805
21.7223
35.8933
39.1192
35.2464
41.1197
28.3353
51.364
40.2327
49.6496
39.1192
46.3375
35.2464
41.1197
28.3353
51.364
40.2327
49.6496
39.1192
46.3375
35.2464
41.1197
28.3353
51.364
40.2327
49.6496
39.1192
46.3375
35.2464
41.1197
28.3353
51.364
40.2327
49.6496
39.1192
46.3375
35.2464
41.1197
28.3353
51.364
40.2327
49.6496
39.1192
46.3375
35.2464
41.1197
28.3353
51.364
40.2327
49.6496
39.1192
46.3375
35.2464
41.255
24.1244
41.4189
38.1526
49.6496
39.1192
46.3375
35.2464
42.4028
26.5987
50.8243
40.5572
49.6496
39.1192
46.3375
35.2464
40.7621
23.9184
42.5706
38.1918
49.6496
39.1192
46.3375
35.2464
41.1197
28.3353
51.364
40.2327
49.6496
39.1192
46.3375
35.2464
51.6545
29.4193
35.6843
46.5139
52.4908
30.479
35.6843
46.5139
52.4908
30.479
35.6843
46.5139
25.6696
67.4123
38.6626
12.5721
1.36411
35.9307
-14.483
42.8519
44.0165
57.6679
49.1551
23.3592
10.8488
50.9734
-2.1024
39.5158
43.7407
52.7752
46.155
42.8519
44.0165
57.6679
49.1551
31.7793
70.2379
81.6306
74.2082
39.3946
19.7189
35.6843
46.5139
84.8249
64.9279
35.6843
46.5139
42.8296
29.3419
51.7774
41.3295
49.6496
39.1192
46.3375
35.2464
41.1197
28.3353
51.364
40.2327
49.6496
39.1192
46.3375
35.2464
41.1197
28.3353
51.364
40.2327
49.6496
39.1192
46.3375
35.2464
41.1197
28.3353
51.364
40.2327
49.6496
39.1192
46.3375
35.2464
43.5383
25.4398
42.1952
39.6782
49.6496
39.1192
46.3375
35.2464
41.1197
28.3353
51.364
40.2327
49.6496
39.1192
46.3375
35.2464
47.9338
82.6433
89.539
26.0429
37.1841
30.2635
24.5349
40.2742
37.3939
35.2464
48.6528
26.0524
35.1425
46.1282
45.8519
35.6843
46.5139
50.7339
83.6874
64.4834
45.8519
35.6843
68.4024
46.5139
50.7339
83.6874
151.629
64.4834
45.8519
35.6843
68.4024
46.5139
50.7339
83.6874
151.629
64.4834
45.8519
38.6552
68.4024
46.5139
50.7339
57.229
151.629
64.4834
45.8519
38.6552
68.4024
46.5139
50.7339
57.229
151.629
64.4834
41.3073
25.4687
50.818
41.3711
49.6496
37.3939
46.3375
35.2464
39.5974
24.5349
50.4046
40.2742
49.6496
37.3939
46.3375
35.2464
39.5974
24.5349
50.4046
40.2742
49.6496
37.3939
46.3375
35.2464
39.5974
24.5349
50.4046
40.2742
49.6496
37.3939
46.3375
35.2464
39.5974
24.5349
50.4046
40.2742
49.6496
37.3939
46.3375
35.2464
39.5974
24.5349
50.4046
40.2742
49.6496
37.3939
46.3375
35.2464
39.5974
24.5349
50.4046
40.2742
49.6496
37.3939
46.3375
35.2464
39.5974
24.5349
50.4046
40.2742
49.6496
37.3939
46.3375
35.2464
39.5974
24.5349
50.4046
40.2742
49.6496
37.3939
46.3375
35.2464
39.5974
24.5349
50.4046
40.2742
49.6496
37.3939
46.3375
35.2464
39.5974
24.5349
50.4046
40.2742
49.6496
37.3939
46.3375
35.2464
39.5974
24.5349
50.4046
40.2742
49.6496
37.3939
46.3375
35.2464
32.2243
47.8052
42.9478
24.2543
48.0655
36.9746
42.8685
24.1953
48.0655
36.9746
30.6411
42.7333
39.1192
35.2464
51.6861
28.6065
35.1425
46.1282
35.245
40.6258
40.9598
38.1083
35.7298
40.5913
40.9598
38.1083
35.7298
40.5913
40.9598
38.1083
33.9814
40.3269
40.9598
38.1083
40.9598
2.68036
35.7298
40.5913
40.9598
38.1083
35.7298
40.5913
40.9598
38.1083
49.9036
49.9036
31.8145
37.0105
83.3983
59.362
59.362
37.009
46.4654
45.0687
6.92389
24.3242
32.2243
47.8052
52.0021
74.6968
46.0721
44.4203
22.7863
124.164
46.0721
44.4203
52.0021
74.6968
46.0721
44.4203
29.0793
28.8285
30.1153
29.874
23.9811
49.1391
49.7973
53.7921
16.5679
48.9284
43.1392
53.7302
29.2817
57.6789
59.1327
38.7165
50.7262
39.6737
38.7165
50.7262
39.6737
38.7165
50.7262
39.6737
34.4258
39.2633
63.7487
10.459
38.0918
44.1922
59.0871
49.2348
42.0068
83.8592
72.2553
38.7165
56.5384
50.7262
38.7165
56.5384
50.7262
38.7165
56.5384
50.7262
34.4258
39.2633
63.7487
10.459
38.0918
44.1922
59.0871
49.2348
33.9792
21.6819
50.0485
48.7455
36.4028
23.89
50.0485
48.7455
33.9792
21.6819
50.0485
48.7455
32.2243
47.8052
38.0268
38.1001
47.9413
38.9157
38.0268
38.1001
47.9413
38.9157
43.7963
44.9698
46.0374
49.6831
63.3539
50.7508
36.7892
17.9678
36.1421
35.9348
49.6496
37.3939
46.3375
35.2464
39.5974
24.5349
50.4046
40.2742
49.6496
37.3939
46.3375
35.2464
19.7512
38.7417
37.3939
35.2464
32.2243
47.8052
32.2243
47.8052
32.2243
47.8052
32.2243
47.8052
43.704
26.7548
52.6848
42.8057
49.6496
37.3939
46.3375
35.2464
32.2243
47.8052
32.2243
47.8052
38.8135
46.0374
49.6831
93.1465
63.3539
50.7508
35.482
38.188
47.9413
38.9157
35.482
38.188
47.9413
38.9157
32.2243
47.8052
52.5168
44.3838
47.9413
38.9157
59.4617
44.9048
47.9413
38.9157
52.5168
44.3838
47.9413
38.9157
52.5168
44.3838
47.9413
38.9157
31.0067
35.7684
30.9519
39.4381
47.9413
38.9157
31.0067
35.7684
30.9519
39.4381
47.9413
38.9157
41.7389
32.8927
47.9413
38.9157
39.4482
31.3212
47.9413
38.9157
28.5624
47.5938
54.8077
30.9952
35.454
31.6589
33.8567
42.5912
33.9181
47.9413
38.9157
42.5912
33.9181
47.9413
38.9157
32.2243
47.8052
42.5288
46.6917
35.6624
53.1749
92.4833
30.2527
41.4267
44.923
72.2637
39.1395
35.6624
53.1749
41.4267
44.923
35.6624
53.1749
131.093
79.5254
71.6086
106.683
53.6182
44.662
149.504
39.3103
59.9186
60.961
52.4142
36.7543
45.1638
71.565
35.5381
46.6304
19.7927
9.62692
2.08359
14.5307
7.52337
8.57768
11.3693
25.3323
25.2308
14.0777
22.8827
33.1525
15.5399
20.1371
22.4122
14.7532
8.48942
15.7126
16.9131
11.4035
14.9785
37.6434
27.816
18.3887
26.3916
35.795
20.3315
26.8472
53.0445
45.6795
27.1506
42.7116
58.7035
30.3482
39.6533
50.9481
42.9311
22.1725
43.1114
52.178
28.2742
36.8303
46.2046
28.5773
14.5577
32.7659
32.4505
22.7528
30.0408
62.0222
39.4595
44.1256
42.7907
38.1083
35.8427
40.3269
42.7907
38.1083
37.3484
40.4668
42.7907
38.1083
37.543
40.6972
42.7907
38.1083
37.5727
40.5244
42.7907
38.1083
37.5297
40.5693
42.7907
38.1083
37.2128
40.8278
42.7907
38.1083
37.3222
40.6467
42.7907
38.1083
37.3162
40.6736
42.7907
38.1083
37.5637
40.6758
42.7907
38.1083
37.681
40.4866
42.7907
38.1083
36.8048
40.7876
42.7907
38.1083
36.8048
40.7876
42.7907
38.1083
41.8439
46.292
35.6624
53.1749
35.1728
39.86
42.7907
38.1083
35.8427
40.3269
42.7907
38.1083
45.5592
31.716
57.7585
42.0636
49.6496
39.1192
46.3375
35.2464
44.5396
38.8698
38.8698
38.8698
62.1202
41.6483
41.6483
51.8714
51.8714
37.9976
44.5396
38.8698
38.8698
38.8698
62.1202
41.6483
41.6483
51.8714
51.8714
37.9976
44.5396
38.8698
38.8698
38.8698
62.1202
41.6483
41.6483
51.8714
51.8714
37.9976
44.5396
38.8698
38.8698
38.8698
62.1202
41.6483
41.6483
51.8714
51.8714
37.9976
37.1528
27.5707
50.6718
38.2737
49.6496
39.1192
46.3375
35.2464
32.9489
24.0175
48.4955
38.2798
32.9489
24.0175
48.4955
38.2798
32.2243
47.8052
77.162
62.5394
35.6624
53.1749
47.0069
50.5534
31.2913
32.392
47.0069
50.5534
31.2913
32.392
32.9489
24.0175
48.4955
38.2798
32.9489
24.0175
48.4955
38.2798
46.0374
49.6831
24.4596
25.3567
45.3388
38.4567
47.9413
38.9157
28.638
35.7971
42.7907
38.1083
35.8427
40.3269
42.7907
38.1083
35.8427
40.3269
42.7907
38.1083
37.5671
39.3344
47.9413
38.9157
38.7271
43.3306
47.9413
38.9157
63.6097
44.521
44.4693
49.0108
79.6088
55.3794
45.0113
49.6831
63.6097
44.521
44.4693
49.0108
79.6088
55.3794
45.0113
49.6831
63.6097
44.521
44.4693
49.0108
79.6088
55.3794
45.0113
49.6831
36.5502
41.6268
42.7907
38.1083
37.5761
40.5913
42.7907
38.1083
50.8493
33.5007
48.8865
38.3919
50.9449
42.082
32.1143
109.71
38.216
48.8865
38.3919
60.7914
34.5839
27.412
48.8039
38.7912
34.5033
26.1679
47.5029
37.6401
49.0943
105.524
29.7281
38.3614
31.184
37.3942
39.8189
20.3375
27.1521
32.9414
-0.208489
25.5713
35.3436
39.5328
17.2525
14.5064
23.0024
24.298
45.9068
34.6237
47.9413
38.4402
45.9068
34.6237
47.9413
38.4402
45.9068
34.6237
47.9413
38.4402
45.9068
34.6237
47.9413
38.4402
51.6345
41.3332
44.4216
35.6217
51.6689
41.7119
44.4216
35.6217
51.1985
41.1291
47.9413
38.9157
31.3863
25.4911
47.9413
38.9157
28.0135
20.416
28.3895
9.06574
7.59058
26.1271
48.0848
34.6929
22.4311
24.3966
39.583
16.2884
32.8874
31.8602
20.3862
23.677
39.5803
16.6548
34.7275
17.7104
12.4825
6.98992
27.4881
26.1535
18.6889
20.727
9.30097
19.0484
-1.3485
11.3208
21.6799
10.7898
25.8168
5.34951
4.37865
39.6
26.2475
22.4404
15.6248
28.4982
12.4439
20.3907
19.3899
28.2125
33.7881
31.7501
41.7336
30.4843
23.7927
37.6873
31.3992
23.8337
20.2963
23.932
13.6207
15.4391
17.8318
15.0066
21.3479
17.5387
3.99144
27.5016
32.4425
17.2341
7.43801
42.5017
18.894
32.5335
32.3217
21.9357
15.1191
11.9369
2.79284
23.9768
8.11131
20.5514
23.1067
40.4861
8.44478
43.5361
61.0714
20.1122
12.4061
43.9497
16.375
32.8472
17.911
49.0814
24.0381
9.2503
37.2489
30.8682
26.7216
15.1593
29.6893
39.6638
14.0507
19.3213
19.6209
17.8779
30.8576
19.2038
9.64191
14.1449
1.66807
14.1106
20.9775
31.4579
34.835
11.2616
28.1094
22.7889
23.9514
8.27741
18.3277
27.6885
7.04687
18.9446
4.44824
37.7086
23.7775
15.4268
15.7338
19.672
23.458
21.4316
16.4479
19.2235
8.34842
14.835
18.3691
24.9146
14.2128
11.9997
18.4395
17.2298
66.8741
19.7092
34.4507
26.1335
4.22265
13.8665
28.8363
22.2483
13.9121
20.8631
13.793
32.5661
8.1259
33.3081
19.1045
25.0363
15.5044
28.0891
21.8435
38.8114
15.408
39.3726
31.7056
14.9583
31.9428
12.7088
29.9341
25.2696
35.3315
19.4363
6.69915
24.156
21.623
27.5663
24.845
26.8283
15.6871
30.6529
25.3547
36.1085
19.9342
32.1482
30.404
18.2633
15.5408
28.8281
39.6674
23.2582
35.4994
33.0076
16.6679
24.0754
16.6263
21.2388
26.1293
28.0095
14.3843
45.9844
6.51493
37.3507
22.5831
26.8499
17.374
21.6567
17.3497
11.1707
23.5191
11.9968
35.7027
31.8261
16.202
30.6612
40.9445
24.9226
26.5286
18.976
26.7602
40.6956
7.19259
7.06724
28.0743
22.0428
1.87395
28.1724
20.7526
14.9123
11.5947
48.1605
37.756
36.1865
-4.17543
23.3689
25.8126
38.7751
12.7629
0.595909
36.0538
23.6405
21.9025
10.8121
10.0052
30.462
22.0454
21.0484
28.4803
32.0112
26.7516
33.2878
28.0135
20.416
28.3895
9.06574
7.59058
26.1271
48.0848
34.6929
22.4311
24.3966
39.583
16.2884
32.8874
31.8602
20.3862
23.677
39.5803
16.6548
34.7275
17.7104
12.4825
6.98992
27.4881
26.1535
18.6889
20.727
9.30097
19.0484
-1.3485
11.3208
21.6799
10.7898
25.8168
5.34951
4.37865
39.6
26.2475
22.4404
15.6248
28.4982
12.4439
20.3907
19.3899
28.2125
33.7881
31.7501
41.7336
30.4843
23.7927
37.6873
31.3992
23.8337
20.2963
23.932
13.6207
15.4391
17.8318
15.0066
21.3479
17.5387
3.99144
27.5016
32.4425
17.2341
7.43801
42.5017
18.894
32.5335
32.3217
21.9357
15.1191
11.9369
2.79284
23.9768
8.11131
20.5514
23.1067
40.4861
8.44478
43.5361
61.0714
20.1122
12.4061
43.9497
16.375
32.8472
17.911
49.0814
24.0381
9.2503
37.2489
30.8682
26.7216
15.1593
29.6893
39.6638
14.0507
19.3213
19.6209
17.8779
30.8576
19.2038
9.64191
14.1449
1.66807
14.1106
20.9775
31.4579
34.835
11.2616
28.1094
22.7889
23.9514
8.27741
18.3277
27.6885
7.04687
18.9446
4.44824
37.7086
23.7775
15.4268
15.7338
19.672
23.458
21.4316
16.4479
19.2235
8.34842
14.835
18.3691
24.9146
14.2128
11.9997
18.4395
17.2298
66.8741
19.7092
34.4507
26.1335
4.22265
13.8665
28.8363
22.2483
13.9121
20.8631
13.793
32.5661
8.1259
33.3081
19.1045
25.0363
15.5044
28.0891
21.8435
38.8114
15.408
39.3726
31.7056
14.9583
31.9428
12.7088
29.9341
25.2696
35.3315
19.4363
6.69915
24.156
21.623
27.5663
24.845
26.8283
15.6871
30.6529
25.3547
36.1085
19.9342
32.1482
30.404
18.2633
15.5408
28.8281
39.6674
23.2582
35.4994
33.0076
16.6679
24.0754
16.6263
21.2388
26.1293
28.0095
14.3843
45.9844
6.51493
37.3507
22.5831
26.8499
17.374
21.6567
17.3497
11.1707
23.5191
11.9968
35.7027
31.8261
16.202
30.6612
40.9445
24.9226
26.5286
18.976
26.7602
40.6956
7.19259
7.06724
28.0743
22.0428
1.87395
28.1724
20.7526
14.9123
11.5947
48.1605
37.756
36.1865
-4.17543
23.3689
25.8126
38.7751
12.7629
0.595909
36.0538
23.6405
21.9025
10.8121
10.0052
30.462
22.0454
21.0484
28.4803
32.0112
26.7516
33.2878
28.0135
20.416
28.3895
9.06574
7.59058
26.1271
48.0848
34.6929
22.4311
24.3966
39.583
16.2884
32.8874
31.8602
20.3862
23.677
39.5803
16.6548
34.7275
17.7104
12.4825
6.98992
27.4881
26.1535
18.6889
20.727
9.30097
19.0484
-1.3485
11.3208
21.6799
10.7898
25.8168
5.34951
4.37865
39.6
26.2475
22.4404
15.6248
28.4982
12.4439
20.3907
19.3899
28.2125
33.7881
31.7501
41.7336
30.4843
23.7927
37.6873
31.3992
23.8337
20.2963
23.932
13.6207
15.4391
17.8318
15.0066
21.3479
17.5387
3.99144
27.5016
32.4425
17.2341
7.43801
42.5017
18.894
32.5335
32.3217
21.9357
15.1191
11.9369
2.79284
23.9768
8.11131
20.5514
23.1067
40.4861
8.44478
43.5361
61.0714
20.1122
12.4061
43.9497
16.375
32.8472
17.911
49.0814
24.0381
9.2503
37.2489
30.8682
26.7216
15.1593
29.6893
39.6638
14.0507
19.3213
19.6209
17.8779
30.8576
19.2038
9.64191
14.1449
1.66807
14.1106
20.9775
31.4579
34.835
11.2616
28.1094
22.7889
23.9514
8.27741
18.3277
27.6885
7.04687
18.9446
4.44824
37.7086
23.7775
15.4268
15.7338
19.672
23.458
21.4316
16.4479
19.2235
8.34842
14.835
18.3691
24.9146
14.2128
11.9997
18.4395
17.2298
66.8741
19.7092
34.4507
26.1335
4.22265
13.8665
28.8363
22.2483
13.9121
20.8631
13.793
32.5661
8.1259
33.3081
19.1045
25.0363
15.5044
28.0891
21.8435
38.8114
15.408
39.3726
31.7056
14.9583
31.9428
12.7088
29.9341
25.2696
35.3315
19.4363
6.69915
24.156
21.623
27.5663
24.845
26.8283
15.6871
30.6529
25.3547
36.1085
19.9342
32.1482
30.404
18.2633
15.5408
28.8281
39.6674
23.2582
35.4994
33.0076
16.6679
24.0754
16.6263
21.2388
26.1293
28.0095
14.3843
45.9844
6.51493
37.3507
22.5831
26.8499
17.374
21.6567
17.3497
11.1707
23.5191
11.9968
35.7027
31.8261
16.202
30.6612
40.9445
24.9226
26.5286
18.976
26.7602
40.6956
7.19259
7.06724
28.0743
22.0428
1.87395
28.1724
20.7526
14.9123
11.5947
48.1605
37.756
36.1865
-4.17543
23.3689
25.8126
38.7751
12.7629
0.595909
36.0538
23.6405
21.9025
10.8121
10.0052
30.462
22.0454
21.0484
28.4803
32.0112
26.7516
33.2878
28.0135
20.416
28.3895
9.06574
7.59058
26.1271
48.0848
34.6929
22.4311
24.3966
39.583
16.2884
32.8874
31.8602
20.3862
23.677
39.5803
16.6548
34.7275
17.7104
12.4825
6.98992
27.4881
26.1535
18.6889
20.727
9.30097
19.0484
-1.3485
11.3208
21.6799
10.7898
25.8168
5.34951
4.37865
39.6
26.2475
22.4404
15.6248
28.4982
12.4439
20.3907
19.3899
28.2125
33.7881
31.7501
41.7336
30.4843
23.7927
37.6873
31.3992
23.8337
20.2963
23.932
13.6207
15.4391
17.8318
15.0066
21.3479
17.5387
3.99144
27.5016
32.4425
17.2341
7.43801
42.5017
18.894
32.5335
32.3217
21.9357
15.1191
11.9369
2.79284
23.9768
8.11131
20.5514
23.1067
40.4861
8.44478
43.5361
61.0714
20.1122
12.4061
43.9497
16.375
32.8472
17.911
49.0814
24.0381
9.2503
37.2489
30.8682
26.7216
15.1593
29.6893
39.6638
14.0507
19.3213
19.6209
17.8779
30.8576
19.2038
9.64191
14.1449
1.66807
14.1106
20.9775
31.4579
34.835
11.2616
28.1094
22.7889
23.9514
8.27741
18.3277
27.6885
7.04687
18.9446
4.44824
37.7086
23.7775
15.4268
15.7338
19.672
23.458
21.4316
16.4479
19.2235
8.34842
14.835
18.3691
24.9146
14.2128
11.9997
18.4395
17.2298
66.8741
19.7092
34.4507
26.1335
4.22265
13.8665
28.8363
22.2483
13.9121
20.8631
13.793
32.5661
8.1259
33.3081
19.1045
25.0363
15.5044
28.0891
21.8435
38.8114
15.408
39.3726
31.7056
14.9583
31.9428
12.7088
29.9341
25.2696
35.3315
19.4363
6.69915
24.156
21.623
27.5663
24.845
26.8283
15.6871
30.6529
25.3547
36.1085
19.9342
32.1482
30.404
18.2633
15.5408
28.8281
39.6674
23.2582
35.4994
33.0076
16.6679
24.0754
16.6263
21.2388
26.1293
28.0095
14.3843
45.9844
6.51493
37.3507
22.5831
26.8499
17.374
21.6567
17.3497
11.1707
23.5191
11.9968
35.7027
31.8261
16.202
30.6612
40.9445
24.9226
26.5286
18.976
26.7602
40.6956
7.19259
7.06724
28.0743
22.0428
1.87395
28.1724
20.7526
14.9123
11.5947
48.1605
37.756
36.1865
-4.17543
23.3689
25.8126
38.7751
12.7629
0.595909
36.0538
23.6405
21.9025
10.8121
10.0052
30.462
22.0454
21.0484
28.4803
32.0112
26.7516
33.2878
29.4317
21.0025
29.7221
9.13667
8.26889
27.7331
50.0808
36.989
23.6323
25.5912
42.0767
17.3178
34.8836
33.5906
21.1199
24.9256
41.4615
17.7436
36.7944
18.7607
13.1723
7.98474
28.8129
27.1957
19.394
21.8518
10.1495
19.7843
-1.26645
11.5886
23.0362
11.2946
26.7706
5.48406
5.15204
41.2009
27.4167
23.2926
16.3854
30.3867
12.2721
22.0512
20.1872
29.513
35.1346
33.7235
43.5096
31.9953
24.4622
40.3242
33.0978
25.1889
21.3108
25.1682
14.651
16.5511
18.4069
15.9625
22.3511
18.755
4.29834
28.8362
34.102
17.7028
7.98334
44.5166
19.8036
34.6995
34.2248
23.817
16.2816
12.9307
2.80733
25.1939
8.15863
21.9805
24.3707
42.3741
9.35369
45.8277
64.6671
21.0309
13.7036
46.2391
17.3555
34.4744
19.0313
51.7261
25.1061
10.0917
39.3418
32.4926
28.3268
16.1157
31.1463
41.9985
15.0152
20.1391
20.979
18.5831
32.0351
20.6626
10.3957
15.2493
2.23087
14.8387
22.7113
33.1336
36.8439
11.7644
30.408
24.239
25.2869
8.42561
19.4305
29.1563
7.52558
20.0223
4.46088
39.9089
24.8254
16.0568
16.5165
20.9773
24.8715
22.9242
17.3708
20.0466
8.63595
15.7598
19.8451
26.1475
15.1306
12.6851
19.6222
17.8951
70.6057
20.9599
36.3571
27.569
4.28984
14.4665
30.1505
23.355
14.4533
21.5671
14.6975
34.3555
8.95571
34.9878
20.139
26.2992
16.0791
29.8438
23.3834
40.9546
16.024
41.5481
33.1282
15.9363
33.8439
13.4449
31.6006
27.0483
37.1913
20.9687
7.37855
25.5606
23.0486
29.1839
26.6034
28.0657
16.8065
32.608
26.9021
37.5497
21.1807
34.0862
32.3408
19.357
16.2923
30.2665
41.2847
24.5788
37.9669
34.7698
17.7582
24.975
17.4954
22.6623
28.0153
29.5381
15.3971
48.7173
6.59721
38.9847
23.8009
28.7021
18.1105
22.6578
18.237
11.9882
24.6295
12.8733
37.5692
33.3201
16.813
32.1549
43.1792
25.79
27.5557
19.8362
28.5684
42.8074
7.99109
7.52716
29.5939
23.2351
2.17985
29.7427
21.7259
15.9469
11.9914
50.5333
40.0144
37.9448
-4.53723
25.0549
27.1444
40.7653
13.1909
0.740111
37.9358
24.6931
23.0782
11.4089
10.2002
32.0723
23.7657
22.1619
30.1944
33.818
27.9199
35.0934
36.9489
25.9638
37.5654
10.3119
9.86628
34.5432
63.1971
48.0429
29.7691
33.045
53.9966
20.9637
44.3955
42.7019
26.6499
31.2134
52.5742
21.2296
46.7244
24.0483
16.6857
9.53373
37.1653
33.698
24.2421
27.5299
11.6394
24.5954
-2.64567
14.2612
28.9316
14.0971
33.3177
6.10171
6.17679
52.0987
34.1835
29.309
20.7564
38.8718
13.7354
27.9793
25.4612
37.4331
44.3982
42.8038
56.2125
40.5914
30.5267
51.9287
42.3784
31.6765
27.4538
32.7772
18.0511
20.7625
22.4133
19.6166
28.3076
23.1621
4.90056
37.0415
43.7892
21.6961
9.63627
56.8845
25.1652
45.0419
43.5958
30.3549
20.751
16.3473
2.21576
31.3975
9.59474
27.915
31.0015
54.2963
11.305
58.3992
83.2584
26.9425
16.9914
59.4182
21.9613
44.0199
24.3023
66.3671
31.7068
11.5205
50.039
41.3245
35.5592
19.6167
39.3859
53.5861
18.0179
25.8237
26.8824
22.4239
40.7138
26.5046
13.085
19.6643
1.71537
16.435
28.7727
42.1794
47.1046
14.6485
39.1802
29.9656
31.2346
10.5061
24.7969
37.2215
8.98983
24.7344
4.47247
51.0175
31.1919
20.2298
20.4197
25.7841
32.337
28.4859
21.3528
25.0899
9.78752
20.1105
25.128
33.5425
18.3299
16.227
24.4113
21.6165
91.1535
26.7209
46.829
35.0811
4.65688
17.8257
38.3703
29.3957
18.1382
26.5808
17.953
43.6305
10.751
44.2923
25.4581
33.6947
19.7214
38.3042
29.477
51.96
19.9815
53.0604
41.9702
19.3783
43.7572
17.1825
41.4456
34.3168
47.1314
26.5048
8.62901
32.6984
28.9149
36.4339
33.3264
35.2813
20.6575
41.6369
33.2094
47.7018
25.8083
43.3731
41.2425
23.2334
20.8724
38.5311
52.1269
31.3285
48.0172
43.5987
22.8699
31.5094
22.3256
28.6483
36.0515
37.8008
19.2826
61.4889
7.35999
50.0714
30.0828
36.7777
22.9875
28.8648
22.966
14.6168
31.0415
16.2697
48.1458
42.2184
20.5398
41.523
55.0919
32.7232
34.1378
25.2118
36.4821
54.7568
9.69599
9.28464
37.9095
29.7769
1.63403
38.8123
27.6002
20.2216
15.5351
64.4015
51.635
48.6038
-5.90845
31.8513
34.6957
51.7285
16.1683
0.256226
48.2655
31.3349
29.5375
14.5162
12.2622
41.5577
29.533
26.9915
38.2785
43.4636
35.1965
44.7324
24.6785
17.6157
25.0546
7.73427
7.31915
23.3847
42.21
30.6847
19.8212
21.8782
34.9855
14.6021
28.765
28.2805
17.8789
21.1728
34.8504
14.8891
30.8734
15.6966
11.0173
6.80749
24.4571
22.9945
16.4121
18.1721
8.53186
16.568
-0.801682
9.69601
19.4215
9.36156
22.5727
4.81492
4.10663
34.6079
23.0766
19.5696
14.0213
25.393
10.5878
18.4491
17.2246
24.641
29.5362
28.4451
36.4767
27.0718
20.534
33.3975
27.8417
21.1177
17.8846
20.8787
12.3937
13.661
15.4635
13.5288
18.571
16.0622
4.09708
24.1978
28.4643
14.7567
6.69053
37.6202
16.5716
29.0489
28.2381
19.5018
13.5589
10.5299
2.5708
21.1627
7.20312
18.3508
20.3144
35.6784
7.72942
38.0924
53.7957
17.6822
11.3716
38.9102
14.5988
28.7771
16.0794
43.45
21.2216
8.52801
32.7768
27.2334
23.5749
13.5317
26.0187
35.0969
12.4447
16.9075
17.4437
16.0709
26.949
16.9262
8.67695
13.0394
2.07189
12.7188
18.94
27.5913
30.8794
9.86213
25.798
20.7326
21.5858
7.23436
15.9835
24.6715
6.54267
16.6882
3.68664
33.3543
20.3688
13.4917
13.8915
17.8005
20.723
19.4533
14.8145
16.7817
7.1328
13.1978
16.3032
21.5032
12.6142
10.6031
16.3176
14.8904
58.6209
17.513
30.3249
23.1661
3.63732
11.963
25.5117
19.6194
12.0642
18.2977
12.122
28.6372
7.3271
29.4031
16.7575
21.9365
13.6546
25.1804
19.3881
34.3295
13.4354
34.5839
27.835
13.6629
28.4064
11.4743
26.1143
22.6938
31.1614
17.8827
5.9528
21.4011
19.2368
24.8067
22.1227
23.6168
13.9489
27.4613
22.3105
31.5472
17.6186
28.6783
27.2759
16.4578
13.6922
25.4293
34.7132
20.2969
31.6003
29.0665
15.1597
20.7813
14.8445
18.9601
22.981
24.4406
13.0621
40.5532
5.70125
32.9367
20.1484
23.9159
15.02
19.0296
15.0673
10.4446
20.6388
10.8414
31.6189
28.1165
14.0213
27.0711
36.0189
21.858
23.0923
16.5409
24.0433
35.79
7.03275
6.08044
24.6817
19.4572
2.49824
24.8356
18.3134
13.0363
10.1665
42.3454
33.4059
32.0971
-3.44904
20.9443
22.8714
34.0616
11.1213
0.737529
31.7889
20.6031
19.4642
9.49148
8.68783
26.8923
19.6333
18.4326
25.4142
28.2875
23.4433
29.7092
24.596
15.6196
25.4549
4.40624
3.25413
22.1818
41.3851
33.5032
20.0998
19.3282
37.7736
12.4772
28.9774
29.5005
15.2463
18.6342
35.2094
12.0065
30.9387
17.4188
10.2177
4.65804
24.0813
21.0295
15.4276
18.5908
6.25994
15.1036
-4.81037
8.35059
18.1582
8.64594
20.5894
1.29826
4.30556
33.8801
21.4557
19.029
12.3632
27.432
3.75215
18.1825
15.4169
25.4544
28.9059
29.3788
38.1429
28.148
18.7137
37.1683
29.767
21.9701
19.1006
23.0109
10.8618
12.43
12.8511
11.5186
19.3655
13.9492
-1.28568
25.4233
29.9983
13.3858
5.66274
39.1036
16.9758
31.4362
31.1956
20.126
11.6602
9.97036
-1.19151
20.8121
4.55079
17.4612
20.1658
37.1169
6.52544
41.0246
58.1537
16.409
10.414
41.6096
12.7101
30.0161
16.1675
46.5967
21.6157
5.78769
35.1922
29.0648
24.3796
12.2181
27.1912
35.9799
10.3431
17.2436
17.8268
11.7904
27.1054
17.8248
7.84542
12.4557
-1.50126
7.40142
20.0474
29.0279
33.0212
9.90327
25.5391
18.8144
18.6847
6.38593
17.3475
24.1531
4.06486
16.6604
0.802047
34.0659
20.7431
10.7647
12.3218
14.9583
21.6103
17.1311
13.0866
16.0108
4.19659
14.4149
16.4905
23.9014
11.4775
11.4976
16.3279
12.9864
63.1914
17.6904
32.5995
24.6626
1.70562
11.2063
25.8538
20.2113
12.5884
15.2559
11.5363
30.6435
7.20475
30.7799
17.746
23.8165
11.382
25.305
20.1989
36.2162
11.2208
37.0339
28.1475
9.83582
27.5962
10.4469
27.8552
22.2717
31.6826
16.8702
5.27525
23.1124
19.0675
21.7191
21.949
22.3876
13.6305
27.968
22.3757
31.402
16.8226
29.4739
29.0162
12.6311
14.4022
26.2072
34.0916
19.1346
30.7953
28.9928
14.0635
20.9481
13.7783
19.1592
24.82
25.6831
11.7038
39.3957
2.7303
33.7965
21.0808
24.7474
15.8896
19.7925
15.9318
7.11138
20.3321
10.2199
33.5175
28.7372
11.9887
29.054
38.9216
20.7986
21.0869
17.2485
24.2796
37.9613
3.82672
5.36903
27.1654
20.9906
-3.59907
24.8287
18.6453
14.3526
8.86794
43.8983
35.2644
33.9052
-6.37051
22.3199
24.1983
35.9969
9.69205
-2.18917
33.2597
21.7987
19.5887
9.58652
7.07544
28.3374
20.6377
16.0877
24.7358
30.9677
23.5681
28.3616
27.6747
23.749
28.1316
14.8099
15.9596
28.8649
48.479
30.7228
22.3627
29.8722
35.5376
20.4364
33.7961
30.0414
26.0102
27.3919
37.7958
22.3466
35.389
15.1337
14.1563
11.212
28.7809
29.2035
20.3609
20.5014
13.8415
21.2394
5.5749
13.1796
24.4921
12.156
29.5022
11.5654
4.5539
40.377
28.7868
23.2811
19.1255
24.7263
23.8811
21.9856
22.4028
26.7891
34.6886
30.4538
39.4888
28.831
26.9312
32.0104
27.9821
22.0472
18.2529
20.2866
17.2118
18.3968
22.6823
18.1912
19.8612
21.4667
14.3713
25.5023
30.012
19.4798
9.15953
40.387
18.6927
28.7072
26.8471
21.9865
19.4816
13.7939
9.81901
24.3393
12.2101
23.026
23.4506
38.2403
10.5627
38.6891
53.4973
23.0843
15.124
39.565
20.7412
30.5027
18.1234
43.6746
23.6209
13.7822
33.0756
27.8501
25.7675
17.6126
27.5279
37.7802
18.791
19.1766
19.8373
25.1457
30.5076
18.3991
11.8388
15.9522
8.49832
23.3317
19.4835
28.8509
31.0967
10.9812
29.8694
26.2994
28.9979
9.88981
16.8179
28.6665
12.1337
18.8108
9.0128
36.4351
23.0211
20.7095
18.3864
25.2292
22.2952
26.2182
20.1484
20.8713
13.0587
12.9567
18.7116
20.7095
16.1918
10.3971
18.4536
20.4438
59.3681
20.3194
30.5625
23.1388
7.65903
14.9683
28.5104
21.4117
12.8475
25.564
14.9638
28.2528
8.70878
31.0605
17.5726
21.6964
19.1545
28.821
21.1706
35.7677
20.5446
34.6872
30.8601
22.2193
35.3144
14.2302
28.408
27.1646
34.0479
21.634
9.30509
21.1517
22.4116
34.1736
25.8061
28.7806
16.1123
30.0311
25.896
35.8364
21.4269
31.4366
27.1548
25.5256
14.4874
27.6288
40.3507
25.9475
37.1728
33.7583
19.7843
23.7443
19.6166
21.4867
23.521
26.2874
17.3888
48.5964
11.4259
36.3399
21.0015
25.5646
15.4359
20.1939
15.7974
17.2273
23.7763
13.8517
32.9233
31.1576
19.3562
27.2105
35.6465
26.8606
29.9831
18.0828
27.0401
37.4073
13.1857
8.07188
23.5536
19.317
13.9111
29.924
20.1399
13.0198
14.4994
44.8327
34.6522
33.1733
1.1912
21.5561
23.7117
35.008
15.3119
5.79002
33.906
21.8596
21.8522
10.5673
13.1378
27.4956
20.5456
24.511
29.6272
27.6868
26.1863
36.4191
27.6747
23.749
28.1316
14.8099
15.9596
28.8649
48.479
30.7228
22.3627
29.8722
35.5376
20.4364
33.7961
30.0414
26.0102
27.3919
37.7958
22.3466
35.389
15.1337
14.1563
11.212
28.7809
29.2035
20.3609
20.5014
13.8415
21.2394
5.5749
13.1796
24.4921
12.156
29.5022
11.5654
4.5539
40.377
28.7868
23.2811
19.1255
24.7263
23.8811
21.9856
22.4028
26.7891
34.6886
30.4538
39.4888
28.831
26.9312
32.0104
27.9821
22.0472
18.2529
20.2866
17.2118
18.3968
22.6823
18.1912
19.8612
21.4667
14.3713
25.5023
30.012
19.4798
9.15953
40.387
18.6927
28.7072
26.8471
21.9865
19.4816
13.7939
9.81901
24.3393
12.2101
23.026
23.4506
38.2403
10.5627
38.6891
53.4973
23.0843
15.124
39.565
20.7412
30.5027
18.1234
43.6746
23.6209
13.7822
33.0756
27.8501
25.7675
17.6126
27.5279
37.7802
18.791
19.1766
19.8373
25.1457
30.5076
18.3991
11.8388
15.9522
8.49832
23.3317
19.4835
28.8509
31.0967
10.9812
29.8694
26.2994
28.9979
9.88981
16.8179
28.6665
12.1337
18.8108
9.0128
36.4351
23.0211
20.7095
18.3864
25.2292
22.2952
26.2182
20.1484
20.8713
13.0587
12.9567
18.7116
20.7095
16.1918
10.3971
18.4536
20.4438
59.3681
20.3194
30.5625
23.1388
7.65903
14.9683
28.5104
21.4117
12.8475
25.564
14.9638
28.2528
8.70878
31.0605
17.5726
21.6964
19.1545
28.821
21.1706
35.7677
20.5446
34.6872
30.8601
22.2193
35.3144
14.2302
28.408
27.1646
34.0479
21.634
9.30509
21.1517
22.4116
34.1736
25.8061
28.7806
16.1123
30.0311
25.896
35.8364
21.4269
31.4366
27.1548
25.5256
14.4874
27.6288
40.3507
25.9475
37.1728
33.7583
19.7843
23.7443
19.6166
21.4867
23.521
26.2874
17.3888
48.5964
11.4259
36.3399
21.0015
25.5646
15.4359
20.1939
15.7974
17.2273
23.7763
13.8517
32.9233
31.1576
19.3562
27.2105
35.6465
26.8606
29.9831
18.0828
27.0401
37.4073
13.1857
8.07188
23.5536
19.317
13.9111
29.924
20.1399
13.0198
14.4994
44.8327
34.6522
33.1733
1.1912
21.5561
23.7117
35.008
15.3119
5.79002
33.906
21.8596
21.8522
10.5673
13.1378
27.4956
20.5456
24.511
29.6272
27.6868
26.1863
36.4191
30.9262
29.2208
32.1223
20.553
20.8956
33.4153
55.6053
29.4451
24.9235
35.4482
35.93
24.2671
36.5641
32.8915
31.3851
31.4417
41.7841
27.6097
38.8403
15.4357
15.5805
12.7111
31.3189
35.2852
24.6522
22.5658
17.5825
25.2725
9.89131
15.9686
27.4785
14.143
35.7175
16.7742
4.69497
45.9122
33.9757
27.4775
23.1279
24.916
33.8653
23.2545
26.4111
29.5657
39.6512
32.7483
41.6991
32.4618
32.5437
30.3813
29.4961
24.2435
19.0398
19.4113
20.541
21.2777
28.6836
21.8487
21.6667
26.4116
19.9206
27.1491
32.0003
24.4147
10.4099
44.4473
20.7434
28.3641
26.6235
22.1949
21.8507
15.5537
15.5744
27.9141
16.6659
25.0855
25.3452
41.9644
12.4497
40.17
54.1331
26.8157
16.681
41.1857
23.6944
32.506
19.4744
45.4449
27.372
18.7659
34.6938
30.1767
27.9865
21.3943
30.5743
40.676
22.4928
21.5256
20.5682
33.5923
34.4419
18.8052
13.1414
17.7752
11.9348
31.7947
19.8973
31.1778
32.7281
13.2151
31.2799
31.6257
34.6518
12.9593
16.3758
31.8017
15.9915
20.8645
12.7599
38.5251
25.873
25.2971
21.9248
30.3698
22.5391
30.5963
24.7897
24.8331
17.6202
13.2675
19.3473
20.6547
18.8513
10.7126
19.9306
25.2242
61.282
21.5502
30.8795
24.695
11.4711
17.7095
32.5501
24.2372
14.8499
32.3117
17.4281
29.3486
9.99404
34.4677
19.2761
22.5895
23.9137
31.0766
22.7853
38.9113
24.7974
35.5398
34.3897
27.6228
38.3323
15.7687
28.7696
28.8789
36.8857
24.4016
10.8658
22.0132
25.0554
40.5739
28.5491
32.4364
17.5638
31.5276
29.4347
40.0333
24.9949
34.2995
27.9701
32.5503
15.7542
30.7655
46.0121
30.3733
41.5366
38.1863
22.648
27.5402
23.7453
23.4759
22.7765
27.05
20.091
54.2105
16.7818
40.1646
23.4624
27.0004
16.4753
22.3744
17.4616
21.609
26.6157
15.7809
34.6236
35.3552
23.7941
28.6428
37.2658
31.6076
34.9784
20.0866
28.9752
39.9627
16.2784
8.868
23.9872
20.1627
21.5684
31.5357
22.7363
12.2807
16.8167
48.4195
35.9502
36.1977
4.0727
21.1431
25.507
37.6379
18.8907
8.76591
36.9108
24.3867
24.1695
11.4427
17.927
28.071
20.6993
29.7473
32.9795
28.1429
29.746
39.9441
19.1495
11.7851
19.6224
2.96195
2.37466
17.034
31.6228
26.0755
15.3764
14.4225
29.2515
9.23729
22.2115
22.8096
11.4284
14.3972
27.1823
9.15445
23.9172
13.5779
7.63964
3.17945
18.4048
16.086
11.7561
14.4076
4.74612
11.5796
-4.08472
6.10478
14.0448
6.61886
15.6295
0.534352
3.16515
25.9713
16.7608
14.5227
9.52429
21.7339
2.98346
14.1652
12.2112
19.6872
22.0213
22.7619
29.7676
21.5316
13.9884
28.9262
22.8739
17.0874
14.7105
18.2608
8.26169
9.32447
9.70889
9.08876
14.9632
10.5477
-1.35555
19.4628
23.1148
10.0078
4.34209
29.9154
13.0241
24.9079
24.2599
15.9848
8.67538
7.46461
-1.22909
15.9
3.37218
13.6254
15.4388
28.4773
5.39126
31.538
45.6469
12.5337
7.87184
31.874
9.61338
22.9743
12.4265
35.8042
16.6166
4.68345
27.1457
22.3703
18.7592
9.57906
20.9329
28.0637
7.76211
13.1483
13.6153
8.93266
20.908
14.0878
6.18334
9.65233
-1.33224
5.87479
15.3414
22.397
25.7774
7.84036
19.4194
14.5998
14.1954
4.64248
13.3765
18.8353
3.05353
12.9446
0.719973
26.6292
16.3784
8.02145
9.60193
11.4876
16.6705
12.5039
9.89051
12.42
3.40108
11.2256
12.6429
18.3488
8.91065
8.92027
13.0167
9.99285
49.1601
13.7131
25.4568
19.0325
1.35402
8.71607
19.8303
15.7409
9.54964
11.5556
8.74671
23.6146
5.56722
23.5669
13.784
18.0378
8.59284
19.7669
15.7787
27.932
8.09961
28.6762
21.6429
7.15824
20.9617
7.81763
21.2757
16.9578
24.5745
13.1315
3.82252
17.9167
14.8673
16.2771
16.8458
17.3573
10.6004
22.1822
17.3309
23.8912
12.9514
22.4945
22.5646
9.56476
11.0665
20.2018
25.7465
15.2145
23.7655
22.3193
10.4469
15.8178
10.6705
14.5825
19.3745
19.6341
8.84179
30.2871
2.07431
25.61
16.2218
19.3382
12.0037
15.1835
12.4425
5.251
15.7714
7.62192
25.5656
22.1517
9.13103
22.2865
29.8702
15.5685
16.0257
13.1971
18.5828
29.3739
2.75483
4.27193
21.0877
16.2538
-3.3188
18.9094
14.4121
11.1306
6.76523
33.8506
27.3554
26.0841
-5.21937
17.3571
18.5201
27.9412
7.2636
-1.73243
25.7571
16.6581
15.2166
7.43093
5.34688
22.1343
16.136
12.6698
19.402
24.0125
18.196
21.9346
19.1495
11.7851
19.6224
2.96195
2.37466
17.034
31.6228
26.0755
15.3764
14.4225
29.2515
9.23729
22.2115
22.8096
11.4284
14.3972
27.1823
9.15445
23.9172
13.5779
7.63964
3.17945
18.4048
16.086
11.7561
14.4076
4.74612
11.5796
-4.08472
6.10478
14.0448
6.61886
15.6295
0.534352
3.16515
25.9713
16.7608
14.5227
9.52429
21.7339
2.98346
14.1652
12.2112
19.6872
22.0213
22.7619
29.7676
21.5316
13.9884
28.9262
22.8739
17.0874
14.7105
18.2608
8.26169
9.32447
9.70889
9.08876
14.9632
10.5477
-1.35555
19.4628
23.1148
10.0078
4.34209
29.9154
13.0241
24.9079
24.2599
15.9848
8.67538
7.46461
-1.22909
15.9
3.37218
13.6254
15.4388
28.4773
5.39126
31.538
45.6469
12.5337
7.87184
31.874
9.61338
22.9743
12.4265
35.8042
16.6166
4.68345
27.1457
22.3703
18.7592
9.57906
20.9329
28.0637
7.76211
13.1483
13.6153
8.93266
20.908
14.0878
6.18334
9.65233
-1.33224
5.87479
15.3414
22.397
25.7774
7.84036
19.4194
14.5998
14.1954
4.64248
13.3765
18.8353
3.05353
12.9446
0.719973
26.6292
16.3784
8.02145
9.60193
11.4876
16.6705
12.5039
9.89051
12.42
3.40108
11.2256
12.6429
18.3488
8.91065
8.92027
13.0167
9.99285
49.1601
13.7131
25.4568
19.0325
1.35402
8.71607
19.8303
15.7409
9.54964
11.5556
8.74671
23.6146
5.56722
23.5669
13.784
18.0378
8.59284
19.7669
15.7787
27.932
8.09961
28.6762
21.6429
7.15824
20.9617
7.81763
21.2757
16.9578
24.5745
13.1315
3.82252
17.9167
14.8673
16.2771
16.8458
17.3573
10.6004
22.1822
17.3309
23.8912
12.9514
22.4945
22.5646
9.56476
11.0665
20.2018
25.7465
15.2145
23.7655
22.3193
10.4469
15.8178
10.6705
14.5825
19.3745
19.6341
8.84179
30.2871
2.07431
25.61
16.2218
19.3382
12.0037
15.1835
12.4425
5.251
15.7714
7.62192
25.5656
22.1517
9.13103
22.2865
29.8702
15.5685
16.0257
13.1971
18.5828
29.3739
2.75483
4.27193
21.0877
16.2538
-3.3188
18.9094
14.4121
11.1306
6.76523
33.8506
27.3554
26.0841
-5.21937
17.3571
18.5201
27.9412
7.2636
-1.73243
25.7571
16.6581
15.2166
7.43093
5.34688
22.1343
16.136
12.6698
19.402
24.0125
18.196
21.9346
30.5412
21.0041
30.8813
7.65738
6.84914
27.8466
51.9437
39.8392
24.4091
25.7392
44.947
16.8892
36.2055
35.2726
20.8315
25.5432
43.3704
16.7809
38.5635
19.9408
13.5957
7.39242
30.2774
27.3221
19.6693
22.4195
8.99829
20.0654
-3.25681
11.612
23.5018
11.5796
26.8166
3.96818
4.87713
42.9646
27.8974
24.0635
16.2926
32.5714
10.3686
22.6076
20.3301
31.1081
36.4521
34.9694
46.4434
33.1933
24.7103
43.6713
35.1289
26.3941
22.8592
27.5453
14.1549
16.5345
17.726
15.7969
23.5253
17.845
2.67915
30.7095
36.3368
17.398
7.92059
47.0049
20.6917
37.4458
36.9941
24.8716
16.257
12.9333
0.615574
25.639
7.24667
22.85
25.4491
44.8695
8.87419
49.0975
69.4485
21.5435
13.7278
49.5777
17.411
36.6542
19.7899
55.229
25.9721
8.59458
41.8716
34.235
29.3441
15.7828
32.6437
44.3716
14.2386
21.2262
21.9013
16.8646
33.6453
21.7943
10.2361
15.6327
0.744965
13.0643
23.8054
35.0458
39.1208
11.6093
32.0659
23.7131
25.0147
8.18128
20.9333
30.4387
6.248
20.3562
3.08488
42.3189
26.0674
15.7701
16.5241
20.1425
26.7345
22.7578
16.9395
20.4087
7.65347
16.7224
20.5741
28.285
14.916
13.5078
20.452
17.3578
76.0164
21.8112
38.6195
29.16
3.28395
14.526
31.3381
24.3625
14.9523
20.9726
14.5563
36.5819
8.68218
36.5553
21.0871
28.0049
15.6184
30.7766
24.2029
42.9627
15.6834
44.6026
34.7674
14.7749
35.6124
13.8927
33.8821
27.804
38.9885
21.1961
6.75697
27.1861
23.5585
28.9027
26.8949
28.9418
17.1769
34.4161
27.2003
39.3646
21.1268
35.5924
33.9289
18.1111
17.1547
31.7139
42.9991
24.9269
39.0643
35.6984
17.959
25.8718
17.2381
23.4641
29.8781
31.3688
15.3493
50.4423
5.19723
41.0792
24.7522
30.2764
19.2984
23.8732
19.0507
10.8549
25.6715
12.9997
40.1276
34.7292
16.553
34.3108
45.9857
26.4566
27.8155
20.8465
29.6818
45.3894
6.8132
7.63745
31.7677
24.7049
-0.9061
31.5053
22.7816
17.1413
12.1879
53.3771
42.617
40.1351
-5.83069
26.4315
28.6666
43.1544
12.995
-0.53901
40.0295
25.8759
24.0756
11.9543
9.58094
34.3367
24.5746
21.8637
31.2545
36.2053
29.111
36.8754
34.4383
31.8924
35.2214
21.6053
23.4664
37.0118
61.2893
36.5745
28.0676
40.2356
42.7089
27.2817
42.65
36.7041
35.5587
35.7212
46.6871
30.2556
44.7671
17.3687
18.3998
15.6889
36.7791
38.1416
26.5564
25.3471
19.053
28.1292
10.0755
17.6168
31.912
16.1651
39.1981
17.3439
5.35371
51.4432
37.1554
30.0517
25.75
28.3801
34.9441
27.7428
28.9002
33.1176
44.2674
36.7874
47.5198
35.2493
35.7773
37.0098
33.3312
26.5502
22.008
22.8328
22.9133
24.5639
30.7014
23.7155
24.256
28.6261
22.8081
31.1451
36.8496
26.0195
12.3461
50.1477
23.2416
32.6198
31.1292
26.9215
25.9291
17.948
15.5433
30.8403
17.0804
29.6098
29.4322
47.4662
13.7285
46.5313
62.8843
30.7071
19.7161
47.9332
27.9698
37.5026
22.7803
52.1669
29.5573
19.0694
39.556
33.5258
31.7336
23.1892
33.5361
45.6675
25.3383
24.5253
24.7475
34.584
38.3711
22.4894
15.379
20.832
13.595
33.2526
23.0532
35.1464
36.8028
13.8006
38.0348
34.0945
39.0737
13.383
20.6135
35.9139
17.1938
23.2048
13.4096
44.4296
28.5524
29.0627
24.3217
33.4946
27.4114
34.9712
26.7231
27.0913
18.8025
15.0368
22.8819
24.23
20.914
12.0759
22.7963
27.1351
70.7255
25.6234
36.3937
27.4184
11.239
19.2539
35.7586
26.3997
15.7151
34.611
19.4446
33.242
10.8868
37.8907
21.2658
25.8363
25.8692
36.1297
25.9873
43.1755
28.4106
41.2309
38.5041
30.9379
45.9066
18.3328
35.2533
34.5512
41.778
27.4588
12.558
24.9185
28.1601
45.8184
32.4212
36.8449
20.035
36.559
32.6248
45.1586
27.4791
38.8021
32.0629
35.6708
17.5909
34.1897
51.7405
34.0885
46.7842
42.9172
26.1795
30.0558
25.9538
27.035
27.9635
32.0854
22.7367
62.0196
16.6125
45.6002
25.4523
31.3375
18.7944
24.8182
18.8993
24.0456
30.088
18.1719
40.3563
38.8522
25.8806
32.5808
42.331
35.1109
39.742
22.5222
33.5972
45.2438
18.9166
10.6497
27.3674
22.6571
22.7177
38.5561
25.1392
15.1162
19.1689
54.5585
42.0583
40.4319
4.22023
25.6775
28.7519
42.0985
20.7436
9.43937
41.4822
26.8572
27.5175
13.1284
18.0692
33.3878
24.6149
32.6424
37.3705
32.3109
32.6763
46.987
36.0507
30.4374
37.1756
17.6863
18.653
36.7192
63.7819
40.4114
29.4482
38.2613
47.0459
25.2862
43.4282
39.9471
32.7725
34.856
50.062
27.5688
46.1423
20.2963
17.4548
12.8791
37.1611
37.5458
26.5983
26.4684
16.803
27.3904
5.41523
16.5945
31.0084
15.5301
37.9502
13.7955
5.45287
52.9238
36.9797
30.7663
24.2503
33.2793
28.8888
27.7241
28.5644
35.5883
45.3618
39.6532
51.8825
38.4509
34.6647
42.4891
37.603
29.2678
24.5703
26.6073
21.3346
23.2415
28.328
22.7439
26.3249
27.3401
16.3106
34.0886
40.3628
25.1315
11.5046
54.0334
24.4879
37.6124
36.2883
27.9137
23.7518
17.1735
11.3745
31.9225
15.338
29.2788
30.0125
51.4186
12.9388
51.7635
71.6855
29.8255
18.729
53.2041
25.663
40.7204
23.758
58.6662
31.4477
17.0436
44.3548
37.4429
33.9019
22.3344
36.8307
50.0181
22.6463
25.677
25.3703
31.4182
40.2774
23.8151
14.1067
20.5406
9.17743
29.0728
25.2589
38.775
41.6866
14.6095
38.6353
33.5684
36.9183
12.943
22.1315
37.2468
14.2111
24.151
10.0409
47.8671
30.4788
25.6423
23.3419
31.2797
29.1603
33.144
25.5543
27.1728
15.6612
17.2255
23.7097
28.0807
20.5589
13.9317
23.7302
25.5591
79.6136
25.9653
40.4364
31.1349
9.24174
19.1248
37.9341
28.3792
17.2324
32.4939
19.4123
37.8716
11.1457
41.4154
23.4115
29.3485
24.2069
37.0527
27.3887
47.6688
25.2175
46.3847
40.7806
27.0311
45.2566
18.0892
36.962
34.5225
44.5267
27.3908
11.1411
28.4808
28.9745
42.8865
33.4209
36.7255
20.6638
39.1152
33.7725
47.1337
27.7825
41.1288
36.2288
32.2923
19.3282
36.8786
53.0706
33.5423
48.0996
44.028
25.055
31.5666
25.0122
28.1662
30.9028
34.2722
21.947
63.0563
13.8662
48.4606
28.0327
33.7964
20.7207
27.1624
21.0186
20.6735
31.1479
17.8588
43.9729
41.3315
24.4318
36.9085
48.1676
35.2265
37.9625
24.1183
34.7935
49.9645
15.7159
10.1322
31.967
25.9597
15.5188
38.3903
26.9014
16.724
17.7851
59.605
46.2635
44.8079
0.407702
27.8246
31.7283
46.821
19.3541
6.00075
45.0968
29.3767
28.5615
13.7398
16.7358
36.5234
26.767
31.5405
38.3864
37.1936
34.5749
46.7961
47.7597
49.4893
54.0814
45.0257
28.2426
57.0823
96.1977
22.4225
31.6594
58.9538
29.9581
40.3535
53.3608
52.7046
52.0227
61.6903
66.7373
45.1668
39.3522
26.2486
29.7453
14.9204
45.22
66.3381
44.9733
34.1684
30.3255
35.7651
32.6675
32.1406
20.1402
12.3239
58.4075
39.4121
21.1571
66.9259
54.7734
45.1827
23.6733
46.0977
76.02
26.9753
56.8019
43.4066
62.9581
74.5592
69.0883
65.0572
56.4075
27.082
49.1973
46.5349
23.2782
39.9862
37.1709
39.0656
57.95
51.219
35.2056
52.7306
32.8834
37.8204
37.6359
48.2141
3.73749
62.5489
34.2747
69.6422
35.3167
27.458
38.4705
30.538
31.8843
45.274
45.672
30.8338
33.1941
55.029
22.3795
54.6607
80.034
49.2737
32.1388
49.0322
23.3535
43.1636
28.8608
66.6691
49.6174
59.8091
53.033
52.5208
39.1693
33.3587
57.0161
76.2535
36.4951
23.9364
24.9573
77.2836
49.3783
13.1577
31.5312
21.6993
13.5279
62.4877
41.3745
47.2679
50.9938
53.8887
32.3422
74.3387
37.1033
30.0893
-3.18768
50.9836
39.5238
33.3727
19.8693
56.4056
52.1312
40.2088
32.0238
58.8195
19.6292
53.5892
43.4879
38.3646
25.8182
22.6338
35.3667
28.892
25.8669
19.1418
19.4801
45.7121
88.5576
26.4279
30.3091
45.7592
29.1255
33.6118
54.2253
41.5283
35.8514
64.5666
23.8026
52.5317
18.6369
65.7866
33.9345
39.9428
44.5563
44.4679
27.4989
69.8218
30.0424
48.3909
52.3343
43.161
32.7199
27.4952
30.0183
28.8591
56.1918
41.4724
11.6425
35.4699
28.9876
62.2056
50.7548
40.7711
22.8155
35.2168
42.6307
61.4766
37.8827
53.0534
45.8099
35.6904
26.7052
48.675
70.5877
41.3098
76.8776
52.2166
35.8109
53.8319
52.0599
30.1665
17.8432
30.9319
36.9485
71.9027
42.0073
56.8999
46.9153
51.4651
28.4495
36.9147
35.6418
45.8456
32.5059
23.0186
41.6835
58.3362
44.977
41.5203
61.7721
50.0571
41.7456
30.682
52.8176
58.4644
24.7537
1.91252
35.6805
35.1115
54.3175
17.9662
34.4074
13.126
31.5567
76.6205
50.1422
54.0395
17.5764
20.2674
41.2616
59.9804
28.0969
17.1431
54.7648
43.6442
26.1028
14.992
42.2891
40.2716
13.3881
50.5308
57.0323
41.4152
50.6801
40.0513
35.424
30.2555
36.23
18.865
19.4525
36.6373
62.301
38.8995
28.5501
37.6837
45.6266
25.6299
42.4955
38.5908
32.5287
34.5087
48.2743
27.8544
45.3225
19.4211
17.6979
13.4204
36.1405
37.2828
26.1785
25.9991
17.1287
26.9627
6.49098
16.9922
30.941
15.6501
37.6692
14.6686
5.48271
51.7242
36.6101
29.9984
24.3792
31.2324
29.7463
27.1765
28.1256
34.3605
44.5307
38.5661
50.4253
37.1918
34.6002
40.866
36.095
28.3746
23.5336
25.5427
21.5235
23.3145
28.99
22.8071
25.4181
27.1228
17.0442
32.9986
38.5629
25.0668
11.4439
51.9424
24.2436
36.0188
34.3766
27.3427
23.9374
17.3892
12.4072
30.9666
15.1911
28.8011
29.7756
49.1669
12.9429
49.8245
68.2975
29.2196
18.6754
50.8895
25.7869
39.1301
22.7677
56.3112
30.3838
17.3698
42.5133
35.7708
32.798
22.342
35.5128
47.4785
23.3615
24.631
24.9075
31.8884
39.1841
23.1212
14.1585
20.0749
10.2287
29.2984
24.6423
37.0841
39.9536
13.9738
37.6346
32.7572
36.798
12.9195
21.5137
36.3703
14.7477
23.7818
11.061
45.9402
29.5039
26.248
23.1265
31.4343
28.0144
32.9704
25.6011
26.5985
16.4984
16.6629
23.0569
26.7181
20.2326
13.4318
23.3712
26.0261
76.198
25.3185
38.9106
29.823
9.75073
18.9381
36.751
27.4994
16.6692
32.6585
19.1615
36.3043
11.0726
40.071
22.4831
28.0404
24.2712
36.081
27.1252
46.0292
26.076
44.6269
39.5856
27.7711
44.5889
17.9522
36.0918
34.0001
43.4016
27.1138
11.4726
27.1681
28.5369
43.1788
32.6527
36.6714
20.3809
38.1046
32.8385
46.0982
27.1547
40.3861
34.3914
32.4771
18.7312
35.5495
51.8314
32.493
46.9873
43.1747
24.8082
30.8116
24.6653
27.3732
29.2235
33.1206
21.6625
61.3402
14.288
47.0122
26.9687
32.3454
19.9188
26.0373
20.3205
21.4146
30.2755
17.4367
42.3781
40.1252
24.6151
35.102
45.8685
34.5672
38.0629
23.3057
34.1113
48.1941
15.8879
10.0871
30.1351
24.9422
16.7571
37.5253
25.8924
16.3528
17.9589
57.6185
43.8721
42.5655
1.02365
26.9267
30.5679
44.7742
19.6856
6.7785
43.6153
28.1467
27.8888
13.5383
17.078
35.1203
25.6564
30.9865
37.7176
35.6516
33.5874
46.1387
36.2946
31.4375
37.2845
19.2909
20.5156
37.7541
64.1796
39.5485
29.6138
39.1848
46.4657
26.5742
44.2502
39.603
33.7409
35.8183
49.9617
29.1467
46.7239
19.6036
17.987
13.9306
37.2697
38.5211
27.1672
26.8018
18.0405
28.1566
7.00561
17.0851
32.0397
16.117
38.9823
15.2252
5.65535
53.2982
37.7318
31.1818
25.5161
32.483
31.8695
28.1282
29.4165
35.4217
45.6548
39.4828
51.6308
38.189
35.4546
41.2679
36.7807
29.0555
24.0408
26.1043
22.2759
24.1437
29.4039
23.6914
26.0567
28.3181
18.3966
33.4729
39.6767
26.0011
12.0388
53.7781
24.2688
36.7476
35.1625
27.9257
24.4661
17.686
13.0949
32.3065
16.6757
30.1008
30.2824
51.0201
13.5896
50.7273
70.045
30.8715
19.3049
52.2555
26.6181
40.1649
23.5065
57.3455
31.6051
18.3224
43.4833
36.8937
33.8902
23.5538
36.4701
50.0673
24.0336
25.6424
25.3075
33.5017
40.4219
23.9173
14.6907
21.029
10.816
31.4461
25.1755
38.1808
40.7822
15.1511
38.9172
34.4784
38.4309
13.3673
21.7985
37.5142
15.3757
24.3842
11.4852
47.7481
30.4692
27.2813
24.0264
32.3281
28.9081
33.9858
26.7008
27.6333
17.1353
16.7316
23.8015
27.0491
21.1581
13.5118
23.9116
26.6016
78.0147
26.1961
40.0613
30.5661
10.189
19.465
37.9309
28.4333
17.1588
34.2673
19.8069
37.0134
11.4643
41.0608
23.1499
28.5252
25.1578
37.1403
27.8328
47.0101
26.6864
45.2932
40.7892
28.5694
46.087
18.3384
36.7837
34.9562
44.2174
27.9695
12.0972
27.7666
29.5414
44.5788
33.5268
37.229
20.888
39.2169
34.0935
47.1204
28.3833
41.4102
35.3819
34.2542
18.9944
36.6267
53.4963
34.6225
48.8238
44.3823
25.8363
31.5345
26.0595
28.3056
30.5523
34.0718
22.4476
64.0414
15.2044
48.0916
27.8991
33.8026
20.4141
26.9355
20.6967
21.9377
31.4036
18.0923
43.3652
41.373
25.23
36.0163
47.0338
35.64
39.1649
23.9371
34.9428
49.0428
16.6987
10.6628
31.0797
25.2373
17.9075
39.0539
26.917
16.521
18.8397
58.8406
45.7642
44.3742
1.37599
27.5657
31.2485
46.2534
20.2432
7.28806
44.6467
29.0872
28.9903
13.791
17.6527
36.2412
26.5919
32.9629
38.9636
36.0317
34.7124
47.85
35.6921
30.9746
36.5473
19.3278
19.6703
36.8293
62.8764
38.8529
28.9813
38.1469
45.4869
25.9923
43.0949
38.8595
33.3417
35.2707
48.8662
28.5222
45.3605
19.5612
17.7568
13.7793
36.414
37.8646
26.486
26.2198
17.6768
27.5174
6.98031
17.2543
31.1636
15.6407
38.3247
14.9852
5.76176
52.3469
37.2017
30.3492
24.4237
31.6469
31.1888
27.4504
28.6636
34.7909
45.0299
38.8315
50.6336
37.4546
35.1685
40.8823
36.1971
28.5631
23.5984
25.6671
21.9089
23.7957
29.5521
23.3459
25.8273
27.9356
17.6085
33.0416
38.8208
25.5082
11.847
52.2969
24.3295
36.2722
34.7792
27.6367
24.2984
17.7716
12.9669
31.4457
15.6673
29.0334
29.8274
49.5284
13.3773
50.2326
68.6937
29.5769
18.945
51.0928
26.0394
39.4819
23.161
56.4502
30.7236
18.0645
42.8537
36.133
33.3413
22.6491
35.8353
48.5166
23.7133
24.8972
25.2668
32.4891
39.6404
23.3411
14.4922
20.2555
10.5408
30.429
24.7664
37.4087
40.1305
14.3771
37.9016
33.6518
37.4096
13.0289
21.728
36.6508
15.1786
24.2013
11.4171
46.5786
29.9488
26.6076
23.6229
32.0501
28.192
33.685
25.7673
27.0646
16.8435
16.7291
23.3135
27.0232
20.8976
13.4466
23.5781
26.412
76.4864
25.6322
38.9557
29.9353
10.1012
19.4572
37.0012
27.7967
16.8959
33.4015
19.5735
36.5799
11.3354
40.3962
22.8394
28.2298
24.7514
36.5564
27.0812
46.37
26.061
44.8554
39.9946
28.1374
44.3789
18.0186
36.0197
34.2544
43.9089
27.3315
11.8704
27.308
28.6554
43.6092
33.2874
36.9463
20.8136
38.0729
33.6192
46.4989
27.8368
40.0449
34.8897
33.3114
18.7964
35.8102
52.4011
33.4019
47.574
43.5826
25.0597
31.1571
25.1128
27.5999
29.8074
33.4291
21.9893
62.2707
14.8363
47.1472
27.2038
32.9641
20.1834
26.2169
20.6385
21.7156
30.6097
17.7441
42.5521
40.4546
25.1704
35.2081
46.2023
34.8606
38.5669
23.575
34.2504
48.4701
16.6498
10.3411
30.4844
25.0038
17.6186
37.4493
26.1002
16.2682
17.9928
58.0207
44.3394
42.9033
1.40051
26.9997
30.7089
45.3448
19.9047
7.23411
43.9241
28.554
27.876
13.5245
17.3324
35.196
26.2851
32.0252
38.3334
35.769
34.0075
46.2045
29.1118
21.1964
29.5872
9.26288
8.37776
27.2424
50.0272
36.5128
23.3127
26.0529
41.4735
17.1609
34.6123
33.369
21.5034
25.0168
41.1424
17.4676
36.5758
18.4158
13.2527
7.92173
29.0221
27.1678
19.4316
21.2179
9.79553
19.8161
-1.091
11.8305
22.7481
11.271
26.8504
5.67063
4.79838
41.3123
27.3573
23.3683
16.2624
29.4726
12.4608
21.6821
19.83
29.364
35.2449
33.1231
42.7427
31.6906
24.7461
39.827
32.8362
24.8682
21.2484
24.6979
14.3259
16.7982
18.5422
15.9715
22.1851
18.5136
5.09124
28.853
34.0781
17.5701
7.91368
44.4852
19.8168
33.8999
33.8449
23.3853
16.4462
12.8596
2.75533
24.819
7.99816
22.0554
24.1982
42.3377
8.98414
45.6597
64.0031
21.2919
13.617
46.1881
17.4305
34.4546
18.9869
51.4618
24.8985
9.59888
39.0365
32.1412
27.7957
15.6981
30.8355
41.6363
14.732
20.2934
20.7723
18.4159
32.0099
20.4084
10.3018
15.2404
2.35912
14.4855
22.2397
32.9338
36.398
11.2485
30.7116
23.8271
25.342
8.51998
19.3018
28.9142
7.2393
19.4952
4.17578
39.5755
24.4948
16.459
16.5129
20.7165
24.7571
23.1804
17.0606
19.9915
8.59025
15.5396
19.5308
25.9842
14.6955
12.5203
19.2521
17.5906
70.4258
20.7639
35.5797
27.2235
4.28087
14.2945
30.0817
23.0879
14.2685
21.202
14.4057
33.9778
8.53004
34.7017
19.9028
26.1828
16.133
29.4709
22.7126
40.5567
16.1235
41.3219
33.045
16.0026
34.2616
13.5066
31.5196
26.6991
36.9714
20.6657
6.98266
25.2707
22.4335
29.2707
26.1182
28.0357
16.4435
32.1783
26.308
37.6667
20.7045
33.5944
31.6974
19.286
16.1994
30.1372
41.5608
24.6364
37.8689
34.489
17.788
25.0095
17.3847
22.4218
27.6415
29.1598
15.3354
48.8537
6.5646
39.217
23.492
28.3288
18.0977
22.5254
17.9328
12.1016
24.4644
12.9052
37.6543
33.1573
16.8793
31.9547
42.7986
26.0418
27.5009
19.8088
28.3855
42.5377
8.04395
7.43118
29.1888
22.9513
2.69788
29.836
21.6403
15.5442
11.9998
50.2414
39.7442
37.6559
-4.06512
24.3707
27.0069
40.2934
13.238
0.768634
37.7218
24.4978
22.7818
11.2873
10.2506
31.8782
22.9303
21.6473
29.9313
33.4465
27.7587
34.88
25.6228
16.8615
26.3077
5.4261
4.52522
23.2135
43.4847
34.0771
20.6372
20.9019
38.2036
13.6627
30.1887
30.1685
16.6362
20.6822
36.4314
13.4828
32.2649
17.4403
10.9547
5.20577
25.1919
22.4803
16.3806
18.9584
7.08909
16.2012
-3.94498
9.22122
19.0943
9.34073
21.9517
2.55183
4.29816
35.6991
22.9403
20.1116
13.0974
28.3558
6.84108
18.7523
16.7504
26.3302
30.392
30.1478
39.6433
28.5926
20.1557
37.5065
30.2573
22.6442
19.5767
23.5293
11.6061
13.3266
14.254
12.8506
19.9086
14.6696
0.366902
26.2334
30.8687
14.2818
6.18849
39.9934
17.6819
32.3038
31.6809
20.8451
12.9422
10.5356
-0.220424
21.4968
5.82332
18.9516
21.0649
38.1269
7.03982
41.9235
59.7184
17.4485
11.1895
42.3221
13.7465
30.9618
16.6982
47.4394
22.2021
7.0486
35.8623
29.4508
24.9378
12.9211
27.993
37.5226
11.4186
17.8362
18.3107
13.3849
28.2885
18.2053
8.08735
12.8414
-0.531673
9.75568
20.3854
29.8662
33.716
10.2228
26.4273
19.7581
19.9764
6.8564
17.6473
25.6015
4.71117
17.0725
1.56557
35.604
21.8639
12.1649
13.291
16.4777
22.1445
18.3817
14.0743
16.9626
5.40043
14.5227
17.5244
24.2631
12.2472
11.7156
17.1468
14.0674
64.9859
18.1716
33.0286
25.1438
2.35331
11.9312
26.6758
20.8476
12.8897
16.9002
12.0937
31.2946
7.41053
31.3786
18.0364
24.061
12.4209
25.9202
20.517
36.9215
12.3932
38.0492
29.2604
11.3623
29.313
11.4367
28.4174
23.3319
32.7795
17.4321
5.64837
23.4406
19.7821
23.2734
22.9124
23.791
14.3397
29.2016
22.9949
32.9267
17.6716
30.3326
29.3711
14.2707
14.7686
27.025
35.7008
20.3603
32.6295
29.9626
14.5631
21.9032
14.3284
19.7575
25.3349
26.4451
12.6351
42.0196
3.63153
34.8645
21.3144
25.6061
16.2977
20.3936
16.3755
8.25878
21.3781
10.7872
34.1351
29.6195
13.2206
29.5578
39.5061
21.964
22.3859
17.7213
24.8714
38.9515
4.81402
6.02556
27.3436
21.4083
-2.1369
25.9991
19.345
14.6172
9.82537
45.3549
36.2205
34.4016
-5.83268
22.5651
24.6094
36.7985
10.4125
-1.4493
34.2094
22.1811
20.0633
9.97747
7.92337
29.1825
20.7893
17.826
26.0862
31.3655
24.5391
30.4537
35.9117
42.2969
31.9792
35.8692
66.2393
84.9799
116.599
-26.752
55.8173
66.3477
28.8058
68.8103
60.6867
26.7441
74.6813
66.9943
63.087
17.8886
31.7506
25.2275
15.0112
-29.5834
41.3108
52.4555
29.3829
89.7893
40.0645
-21.8085
-15.1732
81.7463
79.8481
28.244
-4.08327
70.263
-24.3749
71.0456
47.5453
21.2894
81.1193
104.841
102.66
24.4251
77.2703
24.4065
70.1197
93.4992
94.0604
75.3904
69.5283
-15.6417
51.8434
20.979
15.4333
87.9718
38.2883
3.96919
46.5714
82.1133
38.0003
64.1597
31.7459
36.7067
-20.9786
9.50045
28.1925
37.2296
35.834
120.224
-14.646
-25.4455
52.669
15.0463
96.0743
30.8519
84.9086
6.7512
38.7119
12.9648
-17.1235
9.11146
103.216
29.9471
13.7626
22.6757
0.266532
7.05908
26.1149
59.4888
29.8663
-12.1951
2.90229
26.5278
52.3263
43.167
25.8819
109.563
20.4334
-13.9712
31.4298
150.212
77.7757
-26.3613
26.6885
20.185
-6.54295
78.2184
52.8988
-14.1901
29.4001
31.2112
68.9423
61.2552
37.6056
43.9601
29.4522
104.538
44.8752
66.083
27.5861
65.7458
35.9251
11.7892
-29.1754
59.3548
18.6982
43.2814
85.1679
-12.5412
-35.9774
23.5324
16.8159
20.3008
54.8488
21.9783
-12.4278
18.6557
39.052
25.7355
110.052
37.7378
0.0465865
3.04757
45.8915
9.95896
44.7734
138.989
19.2471
53.16
41.5921
59.6593
13.4591
46.8644
19.6059
41.2528
53.0917
40.9441
55.9134
30.4426
50.3564
61.45
70.6525
55.4731
26.6833
103.925
64.6352
47.4556
78.7491
16.5568
73.1296
89.8377
56.5295
57.4127
47.0709
123.141
17.2406
94.1023
35.5883
86.3429
74.6267
72.5279
32.684
15.5575
60.4248
-34.9024
46.4093
-20.7563
75.5621
48.6692
64.6773
31.9843
8.757
0.329654
56.6925
43.8235
20.6643
65.2466
43.3156
27.4961
42.6846
18.3972
26.7301
74.0334
13.9895
-12.3694
19.3223
40.9845
17.607
45.7336
20.1832
42.9519
18.5174
7.78192
36.3456
26.8918
81.1958
32.831
33.4197
39.737
64.9578
49.8439
9.78922
2.68733
86.6422
82.822
49.183
37.0771
22.6743
65.6926
40.5197
38.2615
37.8817
34.5531
15.718
20.5743
21.8245
7.01523
37.8576
25.0515
46.4682
35.8454
59.7331
37.4481
53.4956
107.797
42.8723
45.0725
46.4073
36.4853
32.7871
50.5033
80.0336
29.6448
33.8883
51.1633
40.0964
35.9708
47.8899
45.4004
47.3403
46.5616
57.6257
43.68
48.393
21.1408
21.2632
14.7855
39.435
55.0071
37.8784
32.8115
29.6864
35.9189
20.9827
24.7656
35.1397
18.2189
53.7917
31.908
7.35649
63.232
51.2802
39.7862
33.4428
33.672
62.0429
28.6161
41.9585
39.9925
55.9984
48.8061
55.6272
48.8703
49.2874
31.022
39.1314
34.7351
22.9156
23.6701
31.4423
30.5753
48.3026
35.5959
30.2184
43.0212
31.0713
34.4017
39.7872
38.9933
12.422
58.1248
29.3908
40.3602
30.5537
26.6567
30.1322
21.9266
31.6309
40.4154
31.6169
32.4325
32.5392
54.2405
20.1976
48.5193
66.9657
38.7649
22.8106
48.2179
30.352
40.5069
25.2948
56.9126
40.7562
37.0195
44.3695
41.8973
38.1146
33.0253
43.9723
56.9368
34.5828
27.722
24.1473
61.7027
47.2049
20.1124
20.1
23.0423
18.1512
56.3403
26.6091
41.5509
43.7891
26.6983
34.3205
52.1638
47.9
22.4505
13.9713
45.1946
28.9587
30.4047
22.7452
49.9041
38.896
35.4755
32.6474
49.234
24.1391
43.5488
39.583
37.3137
28.4129
17.9339
25.1096
24.3449
28.4505
14.4071
25.1313
40.3345
75.435
26.5639
36.0544
33.8956
23.0677
28.0857
47.0848
34.8945
23.6313
52.8508
25.3233
38.4994
16.2678
49.9159
27.9516
29.5301
38.5705
41.1876
30.2335
55.1321
35.1546
42.8003
46.7808
42.1748
43.8079
21.8501
29.9498
35.2057
50.574
35.4554
15.9883
29.0307
34.9743
57.9108
41.405
44.0615
23.776
40.8578
43.1821
54.3668
37.2058
46.141
36.8237
49.4359
22.0881
42.9393
62.7551
43.1856
59.1197
52.7885
30.8255
41.3296
38.5283
30.3783
22.673
31.7535
29.5942
72.0241
33.4439
53.0518
34.8489
36.4149
21.2597
30.6875
26.8281
34.832
35.131
21.3791
40.9811
50.506
38.0357
36.6973
48.2703
45.5493
47.3905
27.5753
38.8317
52.9651
25.036
10.3284
30.0925
27.2949
42.8725
32.9635
31.3298
12.7387
24.6233
65.3424
43.93
48.1606
10.1259
23.278
34.1906
50.651
27.8895
16.1244
49.5454
35.0221
31.4243
14.9261
32.4476
33.4097
24.5082
43.6429
46.1263
35.544
42.6661
50.337
34.3117
28.8844
35.4387
17.206
17.6961
35.1435
60.5123
38.549
27.8786
36.4397
44.6449
24.0816
41.4159
37.9958
31.1601
33.151
47.403
26.2817
43.7288
19.4119
16.9764
12.5248
35.378
35.8501
25.3167
25.2679
15.9515
25.9866
5.5013
15.7945
29.3231
14.641
36.2626
13.2052
5.57298
50.0675
35.1247
29.1361
23.0617
31.4248
27.2168
26.3463
27.0776
33.6986
43.0685
38.2342
49.2741
36.7449
32.9748
40.3807
35.7509
27.9153
23.2486
25.4891
20.5396
22.3105
27.2401
21.9662
24.926
26.2609
15.3368
32.3145
38.0424
24.0962
10.7009
51.246
23.3964
36.317
34.2508
26.812
22.7047
16.7554
10.8621
30.2833
14.5206
27.9007
28.641
48.5834
12.401
49.0831
68.3117
28.4644
17.8226
50.3687
24.4482
38.478
22.4505
55.6863
29.988
16.4376
42.0817
35.6092
32.1319
21.3065
35.0474
47.3941
21.7986
24.1828
24.2522
30.0727
38.1344
22.8379
13.709
19.5997
8.71196
27.363
24.2522
36.6486
39.5767
14.403
36.4197
32.1588
34.924
12.4043
20.6769
35.3379
14.0013
22.9756
9.69001
45.5245
29.1175
24.7512
22.2166
29.9467
27.5845
31.571
24.3801
25.8079
14.9795
16.4705
22.7828
26.5076
19.4111
13.2797
22.4922
24.5668
75.8141
24.6705
38.3865
29.6284
8.99346
18.2756
36.0412
27.0708
16.4809
31.0564
18.3267
35.9318
10.5789
39.508
22.2376
27.844
23.1372
35.4799
26.1968
45.4237
24.1713
43.8746
38.6561
25.8362
42.8101
17.2653
35.4211
32.6711
42.2576
26.2647
10.5883
27.0413
27.4604
40.9368
31.8322
34.9021
19.5255
37.1425
31.985
44.6597
26.2368
39.231
34.4145
30.3544
18.4039
34.969
50.2489
32.2944
46.0604
41.8752
24.008
29.974
24.3275
26.6454
29.4295
32.5899
20.8453
59.821
13.3582
45.9222
26.7882
32.3725
19.5756
25.7492
19.9988
19.8887
29.4051
16.9379
41.7018
39.352
23.3095
34.9445
45.6721
33.4329
36.1485
22.8709
33.3106
47.4411
14.8859
9.47658
30.2239
24.7102
15.0509
36.4739
25.4721
15.9366
17.1986
56.4966
43.8637
42.4693
0.560864
26.4122
30.1822
44.3688
18.4739
5.8047
42.8504
27.9306
27.1831
13.0887
16.1449
35.1099
25.0874
29.8554
36.6113
35.385
32.8072
44.2515
59.8245
61.4688
98.8855
87.1978
41.7842
66.3174
149.221
-32.7867
44.6686
20.1014
89.5262
23.8169
10.7455
99.9271
76.0537
1.66184
50.8919
3.91545
68.8125
47.9235
102.873
14.8596
55.4966
110.596
73.8697
37.0035
-2.7809
36.2286
5.47935
62.8857
10.7903
29.5201
90.6212
27.345
-63.6423
91.571
64.2649
68.1988
3.24671
-16.6607
-3.98811
-6.15597
-24.8459
60.5839
106.978
91.8989
-23.7117
112.476
94.4955
52.6501
97.5536
98.2801
43.8787
-23.0037
-42.183
26.1358
116.675
-5.3842
42.8461
-19.4168
43.2215
83.6629
63.7138
61.6633
-8.60703
112.19
84.3568
68.2387
77.0281
34.8752
2.01499
47.5238
32.1239
56.3182
-19.301
24.8942
60.2385
78.8238
-21.3007
146.327
50.189
54.6077
20.7267
116.616
41.3231
89.5809
24.1485
147.468
75.8363
-98.4121
125.059
92.0517
56.7847
29.3593
106.951
19.3714
19.6099
29.0939
-11.0726
32.1432
43.8544
-13.3663
40.9063
-1.71111
-5.78253
73.4264
24.876
84.7057
80.4986
-65.194
34.6723
-24.7926
30.273
46.7682
-6.09742
20.5131
1.85728
30.3168
-18.883
35.374
47.2121
-19.9416
53.0579
30.9405
64.4929
104.478
58.6737
54.4167
14.5815
50.9289
-40.8169
54.4225
39.5085
41.201
38.3293
69.0246
124.445
-19.9029
-47.4488
89.127
33.4613
39.7537
77.3364
73.5604
58.0184
-4.03663
29.4954
106.332
6.53713
129.6
47.6378
86.2707
69.3731
-42.6803
43.2835
142.454
44.0998
108.649
82.7429
70.9787
94.4382
13.6912
6.3833
-23.4046
85.0246
51.0455
-34.6295
64.6063
53.5939
78.0469
-8.70572
60.5494
32.7076
37.5508
53.1657
102.05
57.282
86.799
-15.698
19.3832
45.8513
78.7021
139.376
-30.6869
-7.66799
91.0489
42.9714
93.5411
14.1696
57.2094
-43.5162
7.38132
46.7582
-15.6714
43.4026
109.742
83.0112
10.2269
50.0366
60.6616
46.8162
-9.17482
35.9995
8.96576
119.644
99.3302
76.4234
55.1643
129.934
90.0769
54.4474
56.183
18.9394
110.681
-3.93075
-54.9296
36.0193
64.0634
26.1078
8.9923
47.6242
18.4521
-65.2651
120.947
-25.6749
67.5879
-4.55181
-0.0861149
85.9924
81.2921
36.3362
-16.0496
108.594
69.2481
24.1833
31.4555
72.7876
27.0034
-9.28384
-62.239
-8.54129
87.3052
66.9072
101.86
23.3746
16.2104
57.7081
41.467
45.4735
33.4245
93.3218
-54.0988
9.39748
12.9153
39.6007
-4.67257
-24.1848
47.8877
48.8057
-29.1371
-4.79468
-23.4178
48.8954
19.7401
78.1476
-13.8467
46.254
60.0555
46.5969
9.38041
-25.437
3.43717
-6.75055
36.6294
-12.8701
25.2328
38.3769
15.3174
-67.8953
48.7448
24.8777
44.2967
-13.8134
-12.8239
-14.5723
-28.012
-39.8991
28.4085
61.9637
60.6727
-64.233
53.5502
54.562
2.38262
53.8137
62.9632
29.628
-27.2737
-47.5883
-6.79489
70.0344
-16.3371
9.3074
-71.5547
47.8629
60.8055
32.0328
30.2304
-28.7612
53.2594
61.4133
44.1819
32.8276
17.0078
-2.6162
22.0185
4.63865
9.38637
-35.607
8.7612
32.8724
37.4889
-40.2897
87.4064
16.6784
7.93916
18.4501
61.0629
27.1019
48.737
0.747025
85.5214
40.0021
-99.7091
67.4205
39.7477
12.9452
-3.59101
68.9437
-22.1123
-5.28909
6.94868
-30.7818
-0.873296
19.2682
-34.0776
17.0244
-14.6346
-14.0757
41.6832
-5.26791
45.7616
41.7233
-97.2804
9.8102
-47.4827
-32.3579
32.6183
-23.6541
5.6141
-2.24368
-11.63
-34.9746
-7.37679
35.8291
-32.0848
16.3302
5.03453
44.3731
54.1835
45.664
27.7236
-2.16225
22.8489
-38.0226
23.9764
7.45798
27.6206
23.9945
38.0695
79.8448
-31.3934
-66.755
54.3457
10.5359
8.97842
38.0111
45.554
34.3001
-24.6624
-5.48373
58.6724
-14.2925
68.4715
8.00788
40.9616
26.77
-70.3832
13.5506
74.4459
30.8267
66.5274
45.2269
52.3959
104.683
12.2721
5.23167
-43.4434
26.3552
21.3438
-49.3878
29.2954
30.8259
46.146
-38.0611
30.5927
7.94389
23.9439
-7.31884
65.0329
13.7986
69.6028
-52.7408
-24.5248
28.5113
42.2437
76.9099
-42.9856
-38.729
29.9401
25.6056
61.0344
-0.0196828
28.7616
-69.8117
-15.1224
42.2161
-55.6046
11.0608
65.4607
34.4501
-20.722
22.551
39.3621
20.7726
-24.1795
18.1683
-5.35871
64.1781
55.5634
37.2167
29.2128
67.205
57.0894
8.06755
27.3846
-5.7398
68.1356
-19.791
-56.9509
-4.32547
42.2464
-4.34077
19.3511
28.327
8.09229
-73.0995
68.1628
-37.8726
21.2975
4.67813
-20.8183
45.6146
28.9118
9.62216
-25.9631
64.0963
29.6912
-2.68393
20.5583
55.0419
3.59375
-59.6229
-67.9262
