-5 3.8923809e-17
-4.98999 4.6371217e-17
-4.97998 5.5220971e-17
-4.96997 6.5732774e-17
-4.95996 7.8213599e-17
-4.9499499 9.3026132e-17
-4.9399399 1.105987e-16
-4.9299299 1.3143695e-16
-4.9199199 1.5613754e-16
-4.9099099 1.8540419e-16
-4.8998999 2.200666e-16
-4.8898899 2.6110256e-16
-4.8798799 3.0966384e-16
-4.8698699 3.6710664e-16
-4.8598599 4.3502715e-16
-4.8498498 5.1530324e-16
-4.8398398 6.1014318e-16
-4.8298298 7.2214272e-16
-4.8198198 8.5435171e-16
-4.8098098 1.0103521e-15
-4.7997998 1.1943487e-15
-4.7897898 1.411276e-15
-4.7797798 1.6669214e-15
-4.7697698 1.9680707e-15
-4.7597598 2.322676e-15
-4.7497497 2.740053e-15
-4.7397397 3.2311095e-15
-4.7297297 3.8086124e-15
-4.7197197 4.4874978e-15
-4.7097097 5.2852326e-15
-4.6996997 6.222234e-15
-4.6896897 7.322358e-15
-4.6796797 8.6134663e-15
-4.6696697 1.0128085e-14
-4.6596597 1.190417e-14
-4.6496496 1.3985991e-14
-4.6396396 1.6425167e-14
-4.6296296 1.928185e-14
-4.6196196 2.2626115e-14
-4.6096096 2.6539557e-14
-4.5995996 3.1117143e-14
-4.5895896 3.6469361e-14
-4.5795796 4.2724696e-14
-4.5695696 5.0032497e-14
-4.5595596 5.8566297e-14
-4.5495495 6.8527633e-14
-4.5395395 8.0150471e-14
-4.5295295 9.3706304e-14
-4.5195195 1.0951004e-13
-4.5095095 1.2792676e-13
-4.4994995 1.493796e-13
-4.4894895 1.7435867e-13
-4.4794795 2.0343149e-13
-4.4694695 2.3725491e-13
-4.4594595 2.7658881e-13
-4.4494494 3.2231194e-13
-4.4394394 3.7544002e-13
-4.4294294 4.3714661e-13
-4.4194194 5.0878704e-13
-4.4094094 5.9192592e-13
-4.3993994 6.883686e-13
-4.3893894 8.0019738e-13
-4.3793794 9.2981294e-13
-4.3693694 1.0799818e-12
-4.3593594 1.2538906e-12
-4.3493493 1.4552086e-12
-4.3393393 1.6881586e-12
-4.3293293 1.9575984e-12
-4.3193193 2.2691142e-12
-4.3093093 2.6291265e-12
-4.2992993 3.0450119e-12
-4.2892893 3.5252416e-12
-4.2792793 4.0795398e-12
-4.2692693 4.7190636e-12
-4.2592593 5.4566094e-12
-4.2492492 6.306847e-12
-4.2392392 7.286586e-12
-4.2292292 8.4150807e-12
-4.2192192 9.7143747e-12
-4.2092092 1.1209695e-11
-4.1991992 1.2929899e-11
-4.1891892 1.4907982e-11
-4.1791792 1.7181653e-11
-4.1691692 1.9793993e-11
-4.1591592 2.2794196e-11
-4.1491491 2.6238411e-11
-4.1391391 3.0190697e-11
-4.1291291 3.4724112e-11
-4.1191191 3.9921931e-11
-4.1091091 4.5879039e-11
-4.0990991 5.27035e-11
-4.0890891 6.0518338e-11
-4.0790791 6.9463539e-11
-4.0690691 7.9698327e-11
-4.0590591 9.1403722e-11
-4.049049 1.0478544e-10
-4.039039 1.2007715e-10
-4.029029 1.3754418e-10
-4.019019 1.5748762e-10
-4.009009 1.8024906e-10
-3.998999 2.0621582e-10
-3.988989 2.3582689e-10
-3.978979 2.6957962e-10
-3.968969 3.080372e-10
-3.958959 3.5183713e-10
-3.9489489 4.0170066e-10
-3.9389389 4.5844349e-10
-3.9289289 5.2298768e-10
-3.9189189 5.9637507e-10
-3.9089089 6.7978235e-10
-3.8988989 7.745379e-10
-3.8888889 8.8214067e-10
-3.8788789 1.0042814e-09
-3.8688689 1.1428661e-09
-3.8588589 1.3000428e-09
-3.8488488 1.4782311e-09
-3.8388388 1.6801553e-09
-3.8288288 1.9088812e-09
-3.8188188 2.1678575e-09
-3.8088088 2.4609623e-09
-3.7987988 2.7925539e-09
-3.7887888 3.1675287e-09
-3.7787788 3.5913847e-09
-3.7687688 4.0702931e-09
-3.7587588 4.6111772e-09
-3.7487487 5.2218012e-09
-3.7387387 5.9108676e-09
-3.7287287 6.688127e-09
-3.7187187 7.5644991e-09
-3.7087087 8.5522073e-09
-3.6986987 9.6649285e-09
-3.6886887 1.0917959e-08
-3.6786787 1.2328398e-08
-3.6686687 1.3915353e-08
-3.6586587 1.5700163e-08
-3.6486486 1.7706654e-08
-3.6386386 1.996141e-08
-3.6286286 2.2494085e-08
-3.6186186 2.5337736e-08
-3.6086086 2.8529205e-08
-3.5985986 3.2109528e-08
-3.5885886 3.6124392e-08
-3.5785786 4.0624642e-08
-3.5685686 4.5666838e-08
-3.5585586 5.1313864e-08
-3.5485485 5.7635607e-08
-3.5385385 6.4709703e-08
-3.5285285 7.2622355e-08
-3.5185185 8.1469233e-08
-3.5085085 9.135647e-08
-3.4984985 1.0240175e-07
-3.4884885 1.147355e-07
-3.4784785 1.2850223e-07
-3.4684685 1.4386192e-07
-3.4584585 1.6099169e-07
-3.4484484 1.8008744e-07
-3.4384384 2.0136583e-07
-3.4284284 2.2506632e-07
-3.4184184 2.5145347e-07
-3.4084084 2.8081942e-07
-3.3983984 3.1348663e-07
-3.3883884 3.4981086e-07
-3.3783784 3.9018443e-07
-3.3683684 4.3503977e-07
-3.3583584 4.8485332e-07
-3.3483483 5.4014973e-07
-3.3383383 6.0150652e-07
-3.3283283 6.6955907e-07
-3.3183183 7.4500611e-07
-3.3083083 8.2861569e-07
-3.2982983 9.2123166e-07
-3.2882883 1.0237807e-06
-3.2782783 1.13728e-06
-3.2682683 1.2628456e-06
-3.2582583 1.4017013e-06
-3.2482482 1.5551887e-06
-3.2382382 1.7247775e-06
-3.2282282 1.9120774e-06
-3.2182182 2.11885e-06
-3.2082082 2.3470231e-06
-3.1981982 2.5987044e-06
-3.1881882 2.876198e-06
-3.1781782 3.1820212e-06
-3.1681682 3.5189227e-06
-3.1581582 3.8899031e-06
-3.1481481 4.2982355e-06
-3.1381381 4.7474896e-06
-3.1281281 5.2415559e-06
-3.1181181 5.7846727e-06
-3.1081081 6.3814556e-06
-3.0980981 7.0369277e-06
-3.0880881 7.7565539e-06
-3.0780781 8.546276e-06
-3.0680681 9.4125523e-06
-3.0580581 1.0362398e-05
-3.048048 1.140343e-05
-3.038038 1.2543916e-05
-3.028028 1.3792823e-05
-3.018018 1.5159873e-05
-3.008008 1.6655602e-05
-2.997998 1.8291423e-05
-2.987988 2.0079691e-05
-2.977978 2.2033777e-05
-2.967968 2.4168142e-05
-2.957958 2.6498418e-05
-2.9479479 2.9041498e-05
-2.9379379 3.1815625e-05
-2.9279279 3.4840493e-05
-2.9179179 3.813735e-05
-2.9079079 4.1729108e-05
-2.8978979 4.5640467e-05
-2.8878879 4.9898035e-05
-2.8778779 5.4530463e-05
-2.8678679 5.9568588e-05
-2.8578579 6.5045583e-05
-2.8478478 7.0997115e-05
-2.8378378 7.7461512e-05
-2.8278278 8.4479944e-05
-2.8178178 9.2096611e-05
-2.8078078 0.00010035894
-2.7977978 0.00010931779
-2.7877878 0.0001190277
-2.7777778 0.00012954707
-2.7677678 0.00014093847
-2.7577578 0.00015326884
-2.7477477 0.00016660981
-2.7377377 0.00018103797
-2.7277277 0.00019663514
-2.7177177 0.00021348874
-2.7077077 0.00023169209
-2.6976977 0.00025134476
-2.6876877 0.00027255291
-2.6776777 0.00029542974
-2.6676677 0.00032009579
-2.6576577 0.00034667946
-2.6476476 0.00037531734
-2.6376376 0.00040615475
-2.6276276 0.00043934615
-2.6176176 0.00047505566
-2.6076076 0.00051345756
-2.5975976 0.00055473681
-2.5875876 0.00059908963
-2.5775776 0.00064672403
-2.5675676 0.00069786044
-2.5575576 0.00075273228
-2.5475475 0.00081158663
-2.5375375 0.00087468486
-2.5275275 0.00094230331
-2.5175175 0.001014734
-2.5075075 0.0010922853
-2.4974975 0.0011752827
-2.4874875 0.0012640695
-2.4774775 0.0013590079
-2.4674675 0.0014604792
-2.4574575 0.0015688852
-2.4474474 0.0016846486
-2.4374374 0.0018082142
-2.4274274 0.0019400494
-2.4174174 0.0020806456
-2.4074074 0.0022305183
-2.3973974 0.0023902089
-2.3873874 0.002560285
-2.3773774 0.0027413416
-2.3673674 0.0029340018
-2.3573574 0.003138918
-2.3473473 0.0033567728
-2.3373373 0.0035882799
-2.3273273 0.003834185
-2.3173173 0.0040952667
-2.3073073 0.0043723377
-2.2972973 0.0046662455
-2.2872873 0.0049778736
-2.2772773 0.0053081418
-2.2672673 0.0056580079
-2.2572573 0.0060284681
-2.2472472 0.0064205579
-2.2372372 0.0068353531
-2.2272272 0.0072739702
-2.2172172 0.0077375677
-2.2072072 0.0082273465
-2.1971972 0.0087445507
-2.1871872 0.009290468
-2.1771772 0.0098664306
-2.1671672 0.010473816
-2.1571572 0.011114045
-2.1471471 0.011788588
-2.1371371 0.012498957
-2.1271271 0.013246714
-2.1171171 0.014033465
-2.1071071 0.014860864
-2.0970971 0.015730611
-2.0870871 0.016644452
-2.0770771 0.01760418
-2.0670671 0.018611633
-2.0570571 0.019668694
-2.047047 0.020777293
-2.037037 0.021939402
-2.027027 0.023157037
-2.017017 0.024432256
-2.007007 0.025767159
-1.996997 0.027163885
-1.986987 0.028624613
-1.976977 0.030151556
-1.966967 0.031746966
-1.956957 0.033413125
-1.9469469 0.035152349
-1.9369369 0.036966982
-1.9269269 0.038859393
-1.9169169 0.040831978
-1.9069069 0.042887151
-1.8968969 0.045027348
-1.8868869 0.047255016
-1.8768769 0.049572617
-1.8668669 0.051982619
-1.8568569 0.054487496
-1.8468468 0.057089722
-1.8368368 0.059791766
-1.8268268 0.062596092
-1.8168168 0.06550515
-1.8068068 0.068521372
-1.7967968 0.071647169
-1.7867868 0.074884925
-1.7767768 0.078236993
-1.7667668 0.081705686
-1.7567568 0.085293275
-1.7467467 0.089001984
-1.7367367 0.092833979
-1.7267267 0.096791367
-1.7167167 0.10087619
-1.7067067 0.10509041
-1.6966967 0.10943592
-1.6866867 0.11391452
-1.6766767 0.11852791
-1.6666667 0.12327772
-1.6566567 0.12816544
-1.6466466 0.13319246
-1.6366366 0.13836006
-1.6266266 0.14366938
-1.6166166 0.14912143
-1.6066066 0.1547171
-1.5965966 0.1604571
-1.5865866 0.16634201
-1.5765766 0.17237224
-1.5665666 0.17854804
-1.5565566 0.18486949
-1.5465465 0.19133648
-1.5365365 0.19794872
-1.5265265 0.20470572
-1.5165165 0.21160682
-1.5065065 0.21865113
-1.4964965 0.22583756
-1.4864865 0.2331648
-1.4764765 0.24063134
-1.4664665 0.24823544
-1.4564565 0.25597512
-1.4464464 0.26384818
-1.4364364 0.27185219
-1.4264264 0.27998447
-1.4164164 0.28824212
-1.4064064 0.29662198
-1.3963964 0.30512064
-1.3863864 0.31373446
-1.3763764 0.32245956
-1.3663664 0.33129178
-1.3563564 0.34022674
-1.3463463 0.34925981
-1.3363363 0.35838611
-1.3263263 0.36760051
-1.3163163 0.37689764
-1.3063063 0.3862719
-1.2962963 0.39571745
-1.2862863 0.4052282
-1.2762763 0.41479785
-1.2662663 0.42441989
-1.2562563 0.43408755
-1.2462462 0.44379389
-1.2362362 0.45353175
-1.2262262 0.46329375
-1.2162162 0.47307237
-1.2062062 0.48285985
-1.1961962 0.49264831
-1.1861862 0.50242967
-1.1761762 0.51219571
-1.1661662 0.52193808
-1.1561562 0.53164827
-1.1461461 0.54131769
-1.1361361 0.55093759
-1.1261261 0.56049917
-1.1161161 0.56999354
-1.1061061 0.57941171
-1.0960961 0.58874466
-1.0860861 0.59798334
-1.0760761 0.60711864
-1.0660661 0.61614145
-1.0560561 0.62504268
-1.046046 0.63381323
-1.036036 0.64244404
-1.026026 0.65092612
-1.016016 0.6592505
-1.006006 0.66740833
-0.995996 0.67539083
-0.98598599 0.68318933
-0.97597598 0.69079531
-0.96596597 0.69820035
-0.95595596 0.70539621
-0.94594595 0.71237483
-0.93593594 0.71912833
-0.92592593 0.72564901
-0.91591592 0.73192941
-0.90590591 0.73796229
-0.8958959 0.74374066
-0.88588589 0.74925778
-0.87587588 0.75450719
-0.86586587 0.75948269
-0.85585586 0.76417841
-0.84584585 0.76858876
-0.83583584 0.77270847
-0.82582583 0.77653262
-0.81581582 0.7800566
-0.80580581 0.78327615
-0.7957958 0.7861874
-0.78578579 0.7887868
-0.77577578 0.7910712
-0.76576577 0.79303781
-0.75575576 0.79468423
-0.74574575 0.79600845
-0.73573574 0.79700885
-0.72572573 0.7976842
-0.71571572 0.79803368
-0.70570571 0.79805685
-0.6956957 0.79775369
-0.68568569 0.79712457
-0.67567568 0.79617026
-0.66566567 0.79489194
-0.65565566 0.79329115
-0.64564565 0.79136988
-0.63563564 0.78913044
-0.62562563 0.78657559
-0.61561562 0.78370842
-0.60560561 0.78053241
-0.5955956 0.77705141
-0.58558559 0.77326962
-0.57557558 0.76919158
-0.56556557 0.76482219
-0.55555556 0.76016666
-0.54554555 0.75523053
-0.53553554 0.75001965
-0.52552553 0.74454016
-0.51551552 0.73879848
-0.50550551 0.73280132
-0.4954955 0.72655563
-0.48548549 0.72006862
-0.47547548 0.71334773
-0.46546547 0.7064006
-0.45545546 0.69923509
-0.44544545 0.69185925
-0.43543544 0.68428131
-0.42542543 0.67650963
-0.41541542 0.66855273
-0.40540541 0.66041927
-0.3953954 0.65211799
-0.38538539 0.64365777
-0.37537538 0.63504752
-0.36536537 0.62629627
-0.35535536 0.61741304
-0.34534535 0.60840694
-0.33533534 0.59928706
-0.32532533 0.59006251
-0.31531532 0.58074239
-0.30530531 0.57133577
-0.2952953 0.56185168
-0.28528529 0.55229909
-0.27527528 0.54268693
-0.26526527 0.53302402
-0.25525526 0.52331908
-0.24524525 0.51358077
-0.23523524 0.50381757
-0.22522523 0.49403788
-0.21521522 0.48424994
-0.20520521 0.47446183
-0.1951952 0.46468148
-0.18518519 0.45491665
-0.17517518 0.44517492
-0.16516517 0.43546366
-0.15515516 0.42579008
-0.14514515 0.41616115
-0.13513514 0.40658365
-0.12512513 0.39706414
-0.11511512 0.38760896
-0.10510511 0.37822422
-0.095095095 0.36891579
-0.085085085 0.35968931
-0.075075075 0.35055018
-0.065065065 0.34150357
-0.055055055 0.33255439
-0.045045045 0.32370731
-0.035035035 0.31496674
-0.025025025 0.30633688
-0.015015015 0.29782163
-0.00005005 0.28942469
0.005005005 0.28114949
0.015015015 0.27299922
0.025025025 0.26497683
0.035035035 0.25708502
0.045045045 0.24932626
0.055055055 0.24170279
0.065065065 0.2342166
0.075075075 0.22686948
0.085085085 0.21966297
0.095095095 0.21259841
0.10510511 0.20567692
0.11511512 0.19889941
0.12512513 0.19226658
0.13513514 0.18577894
0.14514515 0.17943682
0.15515516 0.17324033
0.16516517 0.16718944
0.17517518 0.16128392
0.18518519 0.15552337
0.1951952 0.14990725
0.20520521 0.14443485
0.21521522 0.13910532
0.22522523 0.13391767
0.23523524 0.12887076
0.24524525 0.12396334
0.25525526 0.11919404
0.26526527 0.11456137
0.27527528 0.11006373
0.28528529 0.10569943
0.2952953 0.10146668
0.30530531 0.097363602
0.31531532 0.093388241
0.32532533 0.089538567
0.33533534 0.085812483
0.34534535 0.082207828
0.35535536 0.078722389
0.36536537 0.075353901
0.37537538 0.072100055
0.38538539 0.068958504
0.3953954 0.065926869
0.40540541 0.063002742
0.41541542 0.060183693
0.42542543 0.057467274
0.43543544 0.054851024
0.44544545 0.052332475
0.45545546 0.049909151
0.46546547 0.04757858
0.47547548 0.045338291
0.48548549 0.043185823
0.4954955 0.041118725
0.50550551 0.03913456
0.51551552 0.037230911
0.52552553 0.035405379
0.53553554 0.03365559
0.54554555 0.031979197
0.55555556 0.030373881
0.56556557 0.028837353
0.57557558 0.027367359
0.58558559 0.025961678
0.5955956 0.024618128
0.60560561 0.023334562
0.61561562 0.022108877
0.62562563 0.020939007
0.63563564 0.019822931
0.64564565 0.018758669
0.65565566 0.017744288
0.66566567 0.016777896
0.67567568 0.01585765
0.68568569 0.014981749
0.6956957 0.014148441
0.70570571 0.013356019
0.71571572 0.012602824
0.72572573 0.011887242
0.73573574 0.011207705
0.74574575 0.010562694
0.75575576 0.0099507326
0.76576577 0.0093703929
0.77577578 0.0088202914
0.78578579 0.0082990894
0.7957958 0.007805493
0.80580581 0.0073382519
0.81581582 0.0068961591
0.82582583 0.0064780502
0.83583584 0.0060828028
0.84584585 0.0057093351
0.85585586 0.0053566062
0.86586587 0.0050236143
0.87587588 0.0047093963
0.88588589 0.0044130269
0.8958959 0.0041336175
0.90590591 0.0038703156
0.91591592 0.0036223037
0.92592593 0.0033887982
0.93593594 0.003169049
0.94594595 0.0029623378
0.95595596 0.0027679777
0.96596597 0.002585312
0.97597598 0.0024137136
0.98598599 0.0022525834
0.995996 0.0021013501
1.006006 0.0019594687
1.016016 0.0018264199
1.026026 0.001701709
1.036036 0.0015848653
1.046046 0.0014754408
1.0560561 0.0013730098
1.0660661 0.0012771674
1.0760761 0.0011875295
1.0860861 0.0011037314
1.0960961 0.001025427
1.1061061 0.00095228835
1.1161161 0.00088400472
1.1261261 0.00082028181
1.1361361 0.00076084109
1.1461461 0.00070541911
1.1561562 0.0006537668
1.1661662 0.00060564883
1.1761762 0.00056084298
1.1861862 0.0005191395
1.1961962 0.00048034055
1.2062062 0.00044425958
1.2162162 0.00041072083
1.2262262 0.00037955878
1.2362362 0.00035061763
1.2462462 0.00032375078
1.2562563 0.00029882043
1.2662663 0.00027569705
1.2762763 0.00025425901
1.2862863 0.00023439209
1.2962963 0.00021598916
1.3063063 0.00019894971
1.3163163 0.00018317958
1.3263263 0.00016859054
1.3363363 0.00015509997
1.3463463 0.00014263057
1.3563564 0.00013111002
1.3663664 0.00012047073
1.3763764 0.00011064954
1.3863864 0.00010158744
1.3963964 9.3229388e-05
1.4064064 8.5524004e-05
1.4164164 7.8423387e-05
1.4264264 7.1882893e-05
1.4364364 6.5860934e-05
1.4464464 6.0318787e-05
1.4564565 5.5220419e-05
1.4664665 5.0532313e-05
1.4764765 4.622331e-05
1.4864865 4.2264456e-05
1.4964965 3.8628862e-05
1.5065065 3.5291565e-05
1.5165165 3.2229407e-05
1.5265265 2.9420909e-05
1.5365365 2.6846164e-05
1.5465465 2.4486729e-05
1.5565566 2.2325525e-05
1.5665666 2.0346747e-05
1.5765766 1.8535772e-05
1.5865866 1.6879078e-05
1.5965966 1.5364173e-05
1.6066066 1.3979512e-05
1.6166166 1.2714439e-05
1.6266266 1.1559121e-05
1.6366366 1.0504485e-05
1.6466466 9.5421696e-06
1.6566567 8.6644673e-06
1.6666667 7.8642803e-06
1.6766767 7.135074e-06
1.6866867 6.4708356e-06
1.6966967 5.8660347e-06
1.7067067 5.3155876e-06
1.7167167 4.8148227e-06
1.7267267 4.3594501e-06
1.7367367 3.9455314e-06
1.7467467 3.5694531e-06
1.7567568 3.2279012e-06
1.7667668 2.917838e-06
1.7767768 2.63648e-06
1.7867868 2.3812785e-06
1.7967968 2.1499001e-06
1.8068068 1.94021e-06
1.8168168 1.750256e-06
1.8268268 1.5782537e-06
1.8368368 1.4225725e-06
1.8468468 1.2817237e-06
1.8568569 1.1543481e-06
1.8668669 1.0392058e-06
1.8768769 9.3516594e-07
1.8868869 8.4119794e-07
1.8968969 7.563627e-07
1.9069069 6.7980505e-07
1.9169169 6.1074659e-07
1.9269269 5.4847912e-07
1.9369369 4.923586e-07
1.9469469 4.4179962e-07
1.956957 3.9627031e-07
1.966967 3.5528765e-07
1.976977 3.184132e-07
1.986987 2.8524918e-07
1.996997 2.5543484e-07
2.007007 2.2864317e-07
2.017017 2.045779e-07
2.027027 1.8297071e-07
2.037037 1.6357873e-07
2.047047 1.4618219e-07
2.0570571 1.3058235e-07
2.0670671 1.1659955e-07
2.0770771 1.0407146e-07
2.0870871 9.2851472e-08
2.0970971 8.2807245e-08
2.1071071 7.3819357e-08
2.1171171 6.5780104e-08
2.1271271 5.8592394e-08
2.1371371 5.2168736e-08
2.1471471 4.6430329e-08
2.1571572 4.1306233e-08
2.1671672 3.6732611e-08
2.1771772 3.2652046e-08
2.1871872 2.9012916e-08
2.1971972 2.5768832e-08
2.2072072 2.2878127e-08
2.2172172 2.0303392e-08
2.2272272 1.8011053e-08
2.2372372 1.5970995e-08
2.2472472 1.4156218e-08
2.2572573 1.2542523e-08
2.2672673 1.1108232e-08
2.2772773 9.8339353e-09
2.2872873 8.7022617e-09
2.2972973 7.6976705e-09
2.3073073 6.8062654e-09
2.3173173 6.0156259e-09
2.3273273 5.3146558e-09
2.3373373 4.6934462e-09
2.3473473 4.1431526e-09
2.3573574 3.6558839e-09
2.3673674 3.224603e-09
2.3773774 2.8430368e-09
2.3873874 2.5055963e-09
2.3973974 2.2073037e-09
2.4074074 1.9437279e-09
2.4174174 1.710926e-09
2.4274274 1.5053912e-09
2.4374374 1.3240058e-09
2.4474474 1.1639995e-09
2.4574575 1.0229116e-09
2.4674675 8.9855726e-10
2.4774775 7.8899783e-10
2.4874875 6.925135e-10
2.4974975 6.0757942e-10
2.5075075 5.3284421e-10
2.5175175 4.6711072e-10
2.5275275 4.093189e-10
2.5375375 3.5853052e-10
2.5475475 3.1391557e-10
2.5575576 2.7474005e-10
2.5675676 2.4035516e-10
2.5775776 2.1018771e-10
2.5875876 1.8373148e-10
2.5975976 1.6053961e-10
2.6076076 1.4021782e-10
2.6176176 1.2241838e-10
2.6276276 1.0683472e-10
2.6376376 9.3196706e-11
2.6476476 8.1266416e-11
2.6576577 7.083437e-11
2.6676677 6.1716223e-11
2.6776777 5.3749822e-11
2.6876877 4.6792592e-11
2.6976977 4.071923e-11
2.7077077 3.541966e-11
2.7177177 3.0797226e-11
2.7277277 2.6767093e-11
2.7377377 2.3254831e-11
2.7477477 2.0195171e-11
2.7577578 1.7530903e-11
2.7677678 1.5211898e-11
2.7777778 1.3194256e-11
2.7877878 1.1439547e-11
2.7977978 9.9141408e-12
2.8078078 8.5886269e-12
2.8178178 7.4372909e-12
2.8278278 6.4376623e-12
2.8378378 5.5701128e-12
2.8478478 4.8175049e-12
2.8578579 4.1648823e-12
2.8678679 3.5991975e-12
2.8778779 3.1090736e-12
2.8878879 2.6845946e-12
2.8978979 2.3171215e-12
2.9079079 1.9991311e-12
2.9179179 1.7240749e-12
2.9279279 1.4862551e-12
2.9379379 1.2807164e-12
2.9479479 1.103151e-12
2.957958 9.4981574e-13
2.967968 8.1745928e-13
2.977978 7.0325896e-13
2.987988 6.0476521e-13
2.997998 5.1985319e-13
3.008008 4.4668051e-13
3.018018 3.8365042e-13
3.028028 3.2937962e-13
3.038038 2.8267029e-13
3.048048 2.4248562e-13
3.0580581 2.0792858e-13
3.0680681 1.7822342e-13
3.0780781 1.5269954e-13
3.0880881 1.3077751e-13
3.0980981 1.1195688e-13
3.1081081 9.5805605e-14
3.1181181 8.195084e-14
3.1281281 7.0070995e-14
3.1381381 5.988879e-14
3.1481481 5.1165259e-14
3.1581582 4.3694542e-14
3.1681682 3.7299379e-14
3.1781782 3.1827196e-14
3.1881882 2.7146731e-14
3.1981982 2.3145102e-14
3.2082082 1.9725273e-14
3.2182182 1.6803871e-14
3.2282282 1.4309288e-14
3.2382382 1.2180051e-14
3.2482482 1.0363407e-14
3.2582583 8.8141085e-15
3.2682683 7.4933603e-15
3.2782783 6.3679144e-15
3.2882883 5.4092892e-15
3.2982983 4.5930965e-15
3.3083083 3.8984621e-15
3.3183183 3.3075273e-15
3.3283283 2.80502e-15
3.3383383 2.377885e-15
3.3483483 2.0149679e-15
3.3583584 1.7067416e-15
3.3683684 1.4450731e-15
3.3783784 1.2230219e-15
3.3883884 1.0346681e-15
3.3983984 8.7496409e-16
3.4084084 7.3960833e-16
3.4184184 6.2493629e-16
3.4284284 5.2782757e-16
3.4384384 4.4562627e-16
3.4484484 3.7607276e-16
3.4584585 3.1724542e-16
3.4684685 2.6751074e-16
3.4784785 2.2548074e-16
3.4884885 1.8997658e-16
3.4984985 1.5999746e-16
3.5085085 1.3469407e-16
3.5185185 1.1334601e-16
3.5285285 9.5342466e-17
3.5385385 8.016576e-17
3.5485485 6.7377335e-17
3.5585586 5.6605825e-17
3.5685686 4.7536894e-17
3.5785786 3.990459e-17
3.5885886 3.3483997e-17
3.5985986 2.808498e-17
3.6086086 2.3546878e-17
3.6186186 1.973399e-17
3.6286286 1.6531752e-17
3.6386386 1.3843478e-17
3.6486486 1.1587612e-17
3.6586587 9.6953854e-18
3.6686687 8.108837e-18
3.6786787 6.7791376e-18
3.6886887 5.6651669e-18
3.6986987 4.7323118e-18
3.7087087 3.9514489e-18
3.7187187 3.2980845e-18
3.7287287 2.751627e-18
3.7387387 2.294773e-18
3.7487487 1.9129882e-18
3.7587588 1.5940694e-18
3.7687688 1.3277751e-18
3.7787788 1.105514e-18
3.7887888 9.2008152e-19
3.7987988 7.6543932e-19
3.8088088 6.3652814e-19
3.8188188 5.2911105e-19
3.8288288 4.3964126e-19
3.8388388 3.6515094e-19
3.8488488 3.0315784e-19
3.8588589 2.5158662e-19
3.8688689 2.08703e-19
3.8788789 1.7305821e-19
3.8888889 1.4344258e-19
3.8988989 1.1884649e-19
3.9089089 9.8427632e-20
3.9189189 8.1483576e-20
3.9289289 6.7428811e-20
3.9389389 5.5775479e-20
3.9489489 4.611726e-20
3.958959 3.811589e-20
3.968969 3.1489881e-20
3.978979 2.600509e-20
3.988989 2.1466838e-20
3.998999 1.7713328e-20
4.009009 1.4610149e-20
4.019019 1.2045685e-20
4.029029 9.9272911e-21
4.039039 8.1780993e-21
4.049049 6.7343609e-21
4.0590591 5.5432285e-21
4.0690691 4.5609105e-21
4.0790791 3.7511351e-21
4.0890891 3.0838712e-21
4.0990991 2.5342657e-21
4.1091091 2.081759e-21
4.1191191 1.7093505e-21
4.1291291 1.4029888e-21
4.1391391 1.1510644e-21
4.1491491 9.4399016e-22
4.1591592 7.7385158e-22
4.1691692 6.3411827e-22
4.1791792 5.1940394e-22
4.1891892 4.2526789e-22
4.1991992 3.4805055e-22
4.2092092 2.8473735e-22
4.2192192 2.3284609e-22
4.2292292 1.9033376e-22
4.2392392 1.5551959e-22
4.2492492 1.2702135e-22
4.2592593 1.0370287e-22
4.2692693 8.4630551e-23
4.2792793 6.9037644e-23
4.2892893 5.6294651e-23
4.2992993 4.5884995e-23
4.3093093 3.7384935e-23
4.3193193 3.0447031e-23
4.3293293 2.4786525e-23
4.3393393 2.0170131e-23
4.3493493 1.6406812e-23
4.3593594 1.3340191e-23
4.3693694 1.0842321e-23
4.3793794 8.8085591e-24
4.3893894 7.1533564e-24
4.3993994 5.806805e-24
4.4094094 4.7118016e-24
4.4194194 3.8217223e-24
4.4294294 3.0985153e-24
4.4394394 2.5111378e-24
4.4494494 2.0342758e-24
4.4594595 1.6472955e-24
4.4694695 1.3333849e-24
4.4794795 1.0788523e-24
4.4894895 8.7255093e-25
4.4994995 7.0541059e-25
4.5095095 5.7005342e-25
4.5195195 4.6048078e-25
4.5295295 3.7181752e-25
4.5395395 3.0010316e-25
4.5495495 2.4212167e-25
4.5595596 1.9526264e-25
4.5695696 1.5740808e-25
4.5795796 1.268403e-25
4.5895896 1.0216682e-25
4.5995996 8.225928e-26
4.6096096 6.6203706e-26
4.6196196 5.3260112e-26
4.6296296 4.2829621e-26
4.6396396 3.442776e-26
4.6496496 2.7662772e-26
4.6596597 2.2218002e-26
4.6696697 1.7837611e-26
4.6796797 1.431498e-26
4.6896897 1.1483313e-26
4.6996997 9.2080151e-27
4.7097097 7.3805246e-27
4.7197197 5.9133125e-27
4.7297297 4.7358376e-27
4.7397397 3.7912739e-27
4.7497497 3.0338626e-27
4.7597598 2.4267723e-27
4.7697698 1.9403699e-27
4.7797798 1.5508236e-27
4.7897898 1.2389754e-27
4.7997998 9.8943058e-28
4.8098098 7.8982406e-28
4.8198198 6.3022811e-28
4.8298298 5.0267532e-28
4.8398398 4.0077419e-28
4.8498498 3.1939955e-28
4.8598599 2.5444343e-28
4.8698699 2.0261452e-28
4.8798799 1.6127694e-28
4.8898899 1.2832059e-28
4.8998999 1.0205701e-28
4.9099099 8.1135641e-29
4.9199199 6.4476715e-29
4.9299299 5.1217281e-29
4.9399399 4.0667972e-29
4.9499499 3.2278318e-29
4.95996 2.5608943e-29
4.96997 2.0309292e-29
4.97998 1.6099794e-29
4.98999 1.2757578e-29
5 1.0105051e-29

