121.108
82.3367
55.9448
76.8673
48.0421
2.71216
36.4603
104.197
89.861
111.993
153.263
80.5749
99.4416
205.75
59.7549
224.6
352.913
162.009
156.43
37.6448
66.7897
83.8166
148.103
22.9761
70.4505
108.796
85.1108
40.7189
67.1907
51.7018
113.113
62.8271
96.5832
79.2255
16.8632
28.2761
43.1266
54.963
48.161
74.8856
36.0098
56.4285
21.0869
95.4295
55.3804
85.462
103.162
76.6236
64.3666
82.3279
71.3699
65.4565
46.6459
58.6778
54.4759
37.0133
39.5867
47.8608
54.8427
54.8427
131.51
124.555
194.17
162.405
162.405
127.357
114.464
87.2395
121.577
142.997
110.366
47.6443
52.7828
100.625
142.75
46.849
154.525
7.98032
84.0359
45.1763
62.3428
82.3872
71.1422
109.073
59.7935
104.74
139.059
100.933
163.9
86.5762
95.9758
125.982
27.9091
196.935
87.7099
74.892
20.2158
77.5305
55.8558
45.7048
127.929
60.7773
14.5512
54.8759
80.7319
82.8524
135.005
83.4836
205.299
75.1882
77.4489
137.977
68.7712
107.687
162.68
113.234
80.4359
60.2885
62.684
55.3533
52.3866
135.644
47.2549
43.8269
39.9659
30.5408
33.2981
43.3701
72.1485
50.0926
87.8285
60.5684
33.2561
120.858
72.4502
34.8351
61.0749
69.1991
36.7685
46.7091
57.2009
73.6147
51.5317
156.246
68.7693
51.9794
53.3822
84.986
30.9472
210.63
100.061
59.4559
136.659
233.144
86.8082
45.5114
44.0009
126.298
39.74
64.4037
174.021
105.67
22.8047
46.8096
31.3586
24.0449
77.7776
71.6821
72.2753
108.459
108.779
48.8519
44.2257
104.282
159.319
42.8438
119.32
210.007
112.631
86.5191
198.595
116.47
80.9542
84.2705
87.3913
38.8543
62.0405
67.1297
125.566
33.1791
40.1765
66.3022
52.1637
39.5104
42.2613
136.001
87.9447
58.8223
48.5405
84.6998
-20.1778
-7.90427
119.541
92.4116
29.4637
59.6961
114.75
91.9327
76.5356
55.1183
54.3641
219.549
83.4764
-51.8953
83.6168
158.504
143.852
208.491
105.374
109.852
70.6692
63.7237
45.2506
78.391
-20.6164
70.4572
78.066
191.881
84.6919
106.34
26.6512
178.556
82.4769
71.9973
70.5533
91.3471
199.124
117.159
168.898
59.6969
57.2347
127.314
67.179
107.674
59.1538
81.6147
64.6059
59.2424
122.281
64.7845
84.2209
67.47
67.8784
111.771
132.731
116.409
89.7765
156.73
82.9429
185.763
127.738
103.354
87.8195
104.832
90.7456
104.785
84.1975
104.721
82.5805
117.375
74.4782
102.066
93.0852
76.161
91.9272
74.4814
61.049
56.5782
77.6474
95.0145
89.6791
119.819
53.6719
55.2781
68.4886
54.1819
70.8005
59.2115
72.5433
75.6871
101.869
73.3468
78.4368
50.2519
71.6535
47.3444
68.4107
95.2378
78.1965
77.7242
90.6446
79.0443
71.0347
56.6474
122.343
95.9334
189.2
124.929
86.2449
73.5218
108.7
89.7718
95.885
80.1253
128.776
100.06
143.093
114.608
33.963
111.141
112.151
146.52
93.0495
214.176
170.263
129.751
74.9091
80.0583
201.261
141.993
90.2481
102.068
62.5126
106.981
19.5188
64.0764
71.6799
77.6474
61.7834
95.8799
100.953
85.7492
79.6041
61.2173
124.656
121.532
134.971
83.985
347.083
105.208
169.356
78.1559
143.807
46.5693
105.495
63.5256
73.0185
59.859
83.1319
63.4129
59.3332
44.6347
72.8756
41.2099
57.0143
56.8973
77.956
131.19
93.0194
72.5248
48.478
138.631
61.1022
94.7189
78.4807
168.495
48.8833
113.777
55.6096
61.0278
166.715
73.604
37.8396
111.047
50.6033
38.4834
33.7031
-1.62609
69.6652
104.943
120.106
42.3622
7.90204
82.0825
6.10704
42.6854
110.769
131.591
95.8836
90.9333
163.423
25.6838
108.609
12.0593
37.6967
34.6321
47.2467
40.3524
40.4982
35.2915
35.2915
50.1466
53.1055
57.9411
51.0021
51.0021
51.0021
51.0021
27.6031
39.2195
39.4108
39.2195
22.1318
32.2123
31.9766
32.2123
31.9766
32.2123
34.5958
32.2123
34.5958
20.1476
83.5057
72.2529
39.4264
43.0971
51.8537
91.382
113.631
76.5348
76.7523
96.288
58.087
50.3282
39.4264
43.0971
51.8537
91.382
113.631
76.5348
76.7523
96.288
58.087
50.3282
103.777
100.238
138.691
199.306
80.2208
104.558
119.246
73.0373
80.5381
122.937
135.517
65.7101
161.097
133.7
148.076
103.707
129.593
91.9213
186.171
191.133
163.293
129.712
102.567
95.9349
189.175
28.9689
28.9689
163.778
163.778
163.778
163.778
163.778
163.778
163.778
163.778
61.2288
91.2583
61.2288
91.2583
90.7151
49.0858
90.6021
111.222
74.2197
75.6803
93.9819
61.3574
49.0858
90.6021
111.222
74.2197
75.6803
93.9819
61.3574
103.777
100.238
138.691
42.7017
103.777
100.238
138.691
38.6833
42.4143
52.7503
38.6833
42.4143
52.7503
101.833
118
144.193
87.2549
84.8131
109.929
57.0691
108.141
129.955
152.416
92.4545
89.1183
114.017
57.0691
50.3282
41.4426
47.1107
52.7503
101.833
118
144.193
87.2549
84.8131
109.929
57.0691
50.3282
41.4426
47.1107
52.7503
101.833
118
144.193
87.2549
84.8131
109.929
57.0691
50.3282
43.2084
49.7919
52.7503
90.38
133.302
138.426
92.8368
79.3041
117.05
50.9828
50.3282
43.2084
49.7919
52.7503
90.38
133.302
138.426
92.8368
79.3041
117.05
50.9828
50.3282
38.4429
42.4143
49.0858
109.832
143.717
143.662
95.263
76.358
117.378
57.0691
50.3282
42.6104
37.4347
38.4429
33.1105
42.4143
50.3268
33.026
37.4347
49.0858
38.4429
46.0978
33.1105
42.4143
50.3268
33.026
109.832
143.717
143.662
95.263
76.358
117.378
57.0691
50.3282
42.6104
74.9165
42.8947
49.3488
52.7503
37.9272
107.166
140.698
140.098
92.8119
73.5794
113.891
57.0691
50.3282
52.7503
42.8947
38.05
49.3488
54.3939
36.5793
52.7503
42.8947
49.3555
38.05
49.3488
54.3939
34.26
37.9272
47.8275
107.166
140.698
140.098
92.8119
73.5794
113.891
57.0691
50.3282
74.9165
16.4616
16.4616
22.2951
30.3092
45.4583
118.503
97.5785
88.4272
88.8761
77.056
120.883
36.525
43.9968
41.4426
47.1107
49.699
108.858
144.524
144.774
95.9876
77.1553
118.729
56.2189
50.3282
47.1107
49.699
108.858
144.524
144.774
95.9876
77.1553
118.729
56.2189
50.3282
24.9926
23.7585
20.9021
43.2972
43.2972
43.2972
43.2972
36.6613
36.6613
31.4278
29.9048
26.5387
43.974
37.1653
39.705
39.705
74.5133
74.5133
74.5133
74.5133
94.6907
154.691
124.85
93.9968
81.8319
90.4202
102.268
103.723
118.674
99.2385
65.75
121.189
114.055
121.192
107.805
55.7023
110.637
95.4365
82.2206
83.6502
52.7472
52.4819
51.6348
56.9903
89.7518
143.089
133.107
93.5712
79.8832
86.0813
95.7451
94.9361
111.418
96.6283
62.9077
117.768
108.267
111.502
103.44
54.2712
106.833
89.1429
73.0514
82.4561
52.7472
52.4819
51.6348
56.9903
90.0142
144.457
135.088
96.2495
82.2164
87.1014
99.1609
97.1624
114.815
98.9581
63.5279
121.422
109.4
113.443
104.711
55.141
107.735
91.8685
76.0946
82.9725
52.7472
52.4819
51.6348
56.9903
90.156
144.713
135.744
96.0543
82.4983
87.2995
99.0208
97.0519
114.523
99.4471
63.9551
121.468
109.709
112.977
105.094
55.6525
108.006
91.7098
75.5176
83.2636
52.7472
52.4819
51.6348
56.9903
90.104
144.504
135.342
95.9475
82.1955
87.4199
99.0204
97.059
114.648
98.9598
63.7309
121.493
109.477
113.214
104.927
55.7685
108.029
91.834
75.8504
83.2433
52.7472
52.4819
51.6348
56.9903
90.0532
144.245
134.928
95.9095
82.0703
87.3162
98.8299
97.1712
114.773
98.7624
63.4866
121.198
109.041
113.57
104.586
55.5519
107.759
91.8579
76.3615
82.8261
52.7472
52.4819
51.6348
56.9903
90.7425
145.137
135.129
94.8785
81.7824
87.44
98.3612
97.4505
114.735
98.6664
63.7802
121.015
109.87
113.749
104.912
55.3824
108.474
91.3529
76.1761
83.4982
52.7472
52.4819
51.6348
56.9903
90.0929
143.89
135.231
95.5601
82.1056
87.1539
98.4997
96.797
114.372
98.4953
63.3232
120.831
108.704
113.073
104.59
55.718
107.937
91.8037
75.7323
82.8924
52.7472
52.4819
51.6348
56.9903
90.1506
143.725
135.14
95.4364
81.9959
87.26
98.2489
96.7602
114.204
98.2555
63.3051
120.653
108.518
113.025
104.437
56.0075
108.041
91.7472
75.6078
82.8981
52.7472
52.4819
51.6348
56.9903
90.3698
145.71
135.864
97.0935
82.3327
87.2088
99.9103
97.984
115.833
99.6809
63.7806
122.147
110.408
114.188
105.317
55.1759
108.313
92.3753
76.8635
83.6621
52.7472
52.4819
51.6348
56.9903
90.0274
145.023
135.395
96.3475
82.2681
87.2466
99.442
97.629
115.226
99.2535
63.6491
121.783
109.831
113.586
104.881
55.4825
107.994
92.0819
76.472
83.2374
52.7472
52.4819
51.6348
56.9903
91.0063
145.532
135.703
95.2392
81.9855
87.3357
97.8681
97.0615
114.4
98.5471
63.5362
120.618
110.136
113.762
105.311
55.0695
108.755
90.8593
75.875
84.0249
52.7472
52.4819
51.6348
56.9903
91.0063
145.532
135.703
95.2392
81.9855
87.3357
97.8681
97.0615
114.4
98.5471
63.5362
120.618
110.136
113.762
105.311
55.0695
108.755
90.8593
75.875
84.0249
52.7472
52.4819
51.6348
56.9903
88.112
140.464
131.58
94.1084
77.7731
83.9717
93.5263
93.1125
109.823
94.4762
61.4987
116.098
106.283
108.915
102.523
52.282
104.993
86.987
72.5964
80.9404
52.7472
52.4819
51.6348
56.9903
89.7518
143.089
133.107
93.5712
79.8832
86.0813
95.7451
94.9361
111.418
96.6283
62.9077
117.768
108.267
111.502
103.44
54.2712
106.833
89.1429
73.0514
82.4561
52.7472
52.4819
51.6348
56.9903
38.8483
38.9048
39.8775
38.8483
88.1691
130.646
138.089
92.2501
65.8327
116.642
105.306
59.4883
54.5695
116.494
73.8976
41.9521
86.8559
54.9711
84.0832
102.379
89.3141
126.26
92.7064
89.5472
51.4494
75.3041
68.8377
68.0489
56.3018
35.4151
39.6786
65.1463
45.0824
45.0824
45.0824
45.0824
45.0824
45.0824
41.4456
45.0824
39.6786
65.1463
45.2715
75.4508
39.4264
43.0971
51.8537
33.6052
73.0373
80.5381
122.937
135.517
64.3175
161.097
148.076
103.707
129.593
91.9213
186.171
198.404
163.293
123.205
102.567
93.2684
189.175
34.4839
41.9092
41.7207
50.184
64.8096
66.954
71.6337
55.1054
41.5375
81.2798
110.337
66.429
72.2638
68.2358
87.7693
29.2461
36.4275
78.8903
138.305
59.9758
42.084
60.5177
122.14
84.7974
130.815
95.6088
101.524
109.851
89.3067
80.6324
107.72
132.98
93.3723
89.9332
120.524
58.087
50.3282
31.2561
32.0627
27.1373
52.7472
52.4819
51.6348
56.9903
52.7472
52.4819
51.6348
56.9903
52.7472
52.4819
51.6348
56.9903
64.9157
63.6852
64.9157
64.9157
64.7022
64.7022
64.7022
59.4939
64.9157
64.9157
64.9157
64.9157
66.1806
64.9157
64.9157
66.1806
18.7067
26.4853
31.9962
29.2279
34.2154
42.4029
13.0647
25.7098
29.8446
38.5006
44.1057
37.7373
49.8382
38.5006
44.1057
37.7373
76.5805
63.7128
79.6252
128.943
139.841
70.8272
166.195
153.578
107.608
134.612
93.302
192.459
197.434
179.026
128.204
107.556
96.5639
196.334
175.81
145.95
194.133
66.8946
82.622
82.9049
32.0659
105.976
190.845
155.02
133.191
205.022
145.046
236.571
162.153
160.077
158.182
161.648
124.524
49.3863
31.14
63.4018
66.4014
71.0906
54.5293
40.8107
73.0373
62.2027
80.5381
122.937
135.517
64.3175
161.097
133.7
148.076
103.707
129.593
91.9213
186.973
191.133
163.293
123.205
102.567
93.2684
189.175
168.106
148.611
197.305
80.5082
101.234
100.493
115.948
203.57
173.566
147.397
217.473
155.565
249.556
168.761
175.773
170.136
169.918
128.72
50.184
64.8096
66.954
71.6337
55.1054
76.5805
79.6252
128.943
139.841
70.8272
166.195
153.578
107.608
134.612
93.302
192.459
197.434
179.026
128.204
107.556
96.5639
196.334
175.81
145.95
194.133
66.8946
82.622
82.9049
32.0659
105.976
190.845
155.02
133.191
205.022
145.046
236.571
162.153
160.077
158.182
161.648
124.524
49.3863
31.14
63.4018
66.4014
71.0906
54.5293
40.8107
73.0373
80.5381
122.937
135.517
64.3175
161.097
133.7
148.076
103.707
129.593
91.9213
186.973
191.133
163.293
123.205
102.567
93.2684
189.175
168.106
148.611
197.305
80.5082
101.234
100.493
115.948
203.57
173.566
147.397
217.473
155.565
249.556
168.761
175.773
170.136
169.918
128.72
50.184
64.8096
66.954
71.6337
55.1054
76.5805
79.6252
128.943
139.841
70.8272
166.195
153.578
107.608
134.612
93.302
192.459
197.434
179.026
128.204
107.556
96.5639
196.334
175.81
145.95
194.133
66.8946
82.622
82.9049
32.0659
105.976
190.845
155.02
133.191
205.022
145.046
236.571
162.153
160.077
158.182
161.648
124.524
49.3863
31.14
63.4018
66.4014
71.0906
54.5293
40.8107
73.0373
80.5381
122.937
135.517
64.3175
161.097
133.7
148.076
103.707
129.593
91.9213
186.973
191.133
163.293
123.205
102.567
93.2684
189.175
168.106
148.611
197.305
80.5082
101.234
100.493
115.948
203.57
173.566
147.397
217.473
155.565
249.556
168.761
175.773
170.136
169.918
128.72
50.184
64.8096
66.954
71.6337
55.1054
52.7472
52.4819
51.6348
56.9903
90.1233
144.352
135.305
96.2003
82.2807
87.3661
99.0012
97.2851
114.914
98.9992
63.6414
121.55
109.259
113.435
104.759
55.5811
107.944
91.9412
76.2826
82.9576
52.7472
55.4922
52.4819
51.6348
56.9903
49.9145
43.3181
49.9145
52.4057
33.9495
43.3181
49.2387
52.4057
37.932
44.1833
48.764
38.2876
42.7555
48.764
12.4466
15.7962
48.5118
33.1053
20.6489
33.2113
21.5245
45.7743
44.0794
45.7743
104.789
114.047
117.412
146.719
103.748
103.473
95.2713
100.232
77.2171
106.725
111.972
118.967
172.684
133.148
138.858
122.136
92.4838
211.691
153.951
38.4429
44.8738
49.3892
104.02
120.648
135.982
89.013
84.8122
116.23
92.0128
71.605
93.2288
85.6446
46.9192
94.8259
93.5573
91.1901
93.4992
75.5182
119.974
80.5138
85.9507
57.0691
50.3282
42.6104
74.3588
70.2572
68.0489
59.0143
104.789
114.047
117.412
146.719
103.748
103.473
95.2713
100.232
77.2171
106.725
111.972
118.967
172.684
133.148
138.858
122.136
92.4838
211.691
153.951
38.4429
44.8738
49.3892
104.02
120.648
135.982
89.013
84.8122
116.23
92.0128
71.605
93.2288
102.526
85.6446
46.9192
94.8259
93.5573
91.1901
93.4992
75.5182
119.974
80.5138
85.9507
57.0691
50.3282
42.6104
74.3588
70.2572
68.0489
59.0143
104.789
114.047
117.412
146.719
103.748
103.473
95.2713
100.232
77.2171
106.725
111.972
118.967
172.684
133.148
138.858
122.136
92.4838
211.691
161.081
38.4429
44.8738
49.3892
104.02
120.648
135.982
89.013
84.8122
116.23
92.0128
71.605
93.2288
85.6446
46.9192
94.8259
93.5573
91.1901
93.4992
75.5182
119.974
80.5138
85.9507
57.0691
50.3282
42.6104
74.3588
70.2572
68.0489
59.0143
104.789
114.047
117.412
146.719
103.748
103.473
95.2713
100.232
77.2171
106.725
111.972
118.967
172.684
133.148
138.858
122.136
92.4838
211.691
161.081
38.4429
44.8738
49.3892
104.02
120.648
135.982
89.013
84.8122
116.23
92.0128
71.605
93.2288
102.526
85.6446
46.9192
94.8259
93.5573
91.1901
93.4992
75.5182
119.974
80.5138
85.9507
57.0691
50.3282
42.6104
74.3588
70.2572
68.0489
59.0143
38.1815
43.4322
54.1726
49.3892
38.1815
43.8797
54.1726
43.6196
38.1135
49.6897
40.4178
45.385
51.3481
38.1815
44.8795
51.6239
39.0652
37.1529
39.1032
37.1361
44.4463
43.6744
64.9157
64.9157
64.9157
64.9157
26.1071
26.1071
26.1071
26.1071
51.0384
52.0355
32.3957
28.8066
30.1738
28.8066
30.1738
28.8066
28.8066
28.8066
28.8066
29.4576
29.4576
27.6031
21.4791
25.5056
68.2302
53.0649
27.7066
28.9958
28.0114
20.5369
15.4624
74.8301
27.8137
12.8868
33.4418
42.4558
58.0806
34.404
63.6063
20.1967
58.5903
52.4532
66.9273
54.4403
7.90954
75.9355
46.1739
38.4451
56.3179
67.4727
79.2139
49.6496
46.3375
46.1022
51.0024
63.6243
104.004
101.182
145.032
91.8497
102.891
93.8448
92.5781
74.8945
101
113.87
113.159
171.465
132.059
128.193
118.867
110.135
208.048
25.1617
66.8359
93.8736
32.5969
59.0941
96.9103
31.6691
46.5638
46.5638
98.374
101.692
104.494
147.108
91.8139
106.256
92.8082
74.9986
106.755
113.977
119.655
175.836
135.878
128.03
121.686
101.678
213.762
41.7186
48.474
49.6377
34.6276
48.1972
71.2005
98.6926
94.6191
110.249
63.6851
83.3362
105.595
63.6247
113.006
98.4397
69.28
57.7081
65.5873
70.5117
55.5675
22.3713
29.5586
29.5586
93.2578
105.804
101.182
145.032
91.8497
102.891
93.8448
92.5781
74.8945
101.817
113.87
113.159
171.465
140.462
128.193
118.867
97.9605
208.048
93.2578
105.804
101.182
145.032
91.8497
102.891
93.8448
92.5781
74.8945
101.817
113.87
113.159
171.465
140.462
128.193
118.867
97.9605
208.048
93.2578
105.804
101.182
145.032
91.8497
102.891
93.8448
92.5781
74.8945
101.817
113.87
113.159
171.465
140.462
128.193
118.867
97.9605
208.048
93.0998
105.385
101.738
144.093
92.923
102.043
94.6248
94.1964
76.2317
102.752
115
113.123
171.222
131.864
128.122
119.377
98.2018
207.462
82.7432
98.4108
116.071
136.517
82.1033
103.781
82.9846
50.7814
80.1303
104.932
157.568
133.054
121.758
138.359
93.6262
193.873
98.4108
116.071
136.517
82.1033
103.781
82.9846
50.7814
80.1303
104.932
157.568
133.054
121.758
138.359
93.6262
193.873
98.4108
116.071
136.517
82.1033
103.781
82.9846
50.7814
80.1303
104.932
157.568
133.054
121.758
138.359
93.6262
193.873
98.4108
116.071
136.517
82.1033
103.781
86.1752
82.9846
50.7814
80.1303
104.932
157.568
133.054
121.758
138.359
93.6262
193.873
104.7
113.347
117.383
146.706
103.347
103.489
95.5173
100.244
76.969
106.701
111.171
119.553
172.916
133.354
132.128
121.183
100.034
211.96
93.2578
105.804
101.182
145.032
91.8497
102.891
93.8448
92.5781
74.8945
101.817
109.136
113.159
171.465
132.059
128.193
118.867
110.135
206.437
93.2578
105.804
101.182
145.032
91.8497
102.891
92.5781
74.8945
101.817
109.136
113.159
171.465
132.059
128.193
118.867
121.471
206.437
36.8941
36.8941
30.4532
30.4532
31.2738
63.8373
63.8373
59.2291
59.2291
84.2903
89.5618
63.0591
94.2704
104.311
101.085
146.55
90.5555
104.708
96.5341
93.2939
76.08
104.123
115.231
116.496
175.46
134.882
128.677
121.198
100.073
211.906
98.374
101.692
104.494
147.108
91.8139
106.256
92.8082
74.9986
106.755
113.977
119.655
175.836
135.878
128.03
121.686
101.678
213.762
41.7186
48.474
49.6377
98.374
101.692
104.494
147.108
91.8139
106.256
92.8082
74.9986
106.755
113.977
119.655
175.836
135.878
128.03
121.686
101.678
213.762
41.7186
48.474
49.6377
98.374
101.692
104.494
147.108
91.8139
106.256
92.8082
74.9986
106.755
113.977
119.655
175.836
135.878
128.03
121.686
101.678
213.762
41.7186
48.474
49.6377
121.295
120.146
88.1893
60.388
63.3615
84.1623
79.3445
92.7784
70.9494
48.2551
102.889
92.5156
85.7833
90.3045
29.4546
92.008
65.6451
60.1714
82.2201
77.4072
49.6496
43.2792
46.3375
46.1022
51.0024
91.8744
96.1152
66.522
91.8744
96.1152
66.522
91.8744
96.1152
66.522
91.8744
96.1152
66.522
91.3634
88.122
138.181
128.749
85.9024
72.5421
77.9417
95.0907
91.5686
103.879
86.2535
58.8062
114.909
105.297
101.515
98.0717
43.7613
104.231
78.9005
65.5795
53.5227
54.3782
91.3634
88.122
138.181
128.749
85.9024
72.5421
77.9417
95.0907
91.5686
103.879
86.2535
58.8062
114.909
105.297
101.515
98.0717
43.7613
104.231
78.9005
65.5795
53.5227
54.3782
91.3634
88.122
138.181
128.749
85.9024
72.5421
77.9417
95.0907
91.5686
103.879
86.2535
58.8062
114.909
105.297
101.515
98.0717
43.7613
104.231
78.9005
65.5795
54.3782
91.3634
88.122
138.181
128.749
85.9024
72.5421
77.9417
95.0907
91.5686
103.879
86.2535
58.8062
114.909
105.297
101.515
98.0717
43.7613
104.231
78.9005
65.5795
53.5227
54.3782
91.3634
88.122
138.181
128.749
85.9024
72.5421
77.9417
95.0907
91.5686
103.879
86.2535
58.8062
114.909
105.297
101.515
98.0717
43.7613
104.231
78.9005
65.5795
53.5227
54.3782
138.181
128.749
85.9024
72.5421
77.9417
95.0907
91.5686
103.879
86.2535
58.8062
114.909
105.297
101.515
98.0717
43.7613
104.231
78.9005
65.5795
91.3634
88.122
53.5227
54.3782
64.8181
62.6445
51.6833
84.8043
80.56
125.395
123.375
88.7398
63.7087
66.9925
87.3435
83.2259
96.9576
75.3749
51.4115
106.725
95.59
89.5586
93.0557
34.0465
96.099
69.6387
62.8802
54.3782
43.6829
43.6829
43.6829
42.7062
43.6829
43.6829
43.3382
43.3382
88.9685
85.7292
133.083
128.471
87.1944
70.3553
72.9542
92.6897
89.0693
102.187
84.0829
55.9993
111.388
101.265
96.7116
96.0775
41.2968
102.375
76.6212
64.2443
54.3782
46.0492
47.224
48.474
74.1019
34.2983
98.374
101.692
104.494
147.108
91.8139
106.256
92.8082
74.9986
106.755
113.977
119.655
175.836
135.878
128.03
121.686
101.678
213.762
83.5701
67.3814
54.1225
62.6994
53.248
41.7186
48.474
32.2261
43.6095
100.007
104.693
107.266
102.07
86.0293
5.47507
105.762
18.6659
31.2143
57.9839
176.016
100.339
33.721
47.8709
70.7062
45.7618
94.1999
110.599
64.0385
83.1331
105.863
62.8698
112.624
98.4489
69.28
57.7081
65.5873
70.5117
55.5675
27.6031
31.7966
92.6451
104.581
100.317
146.1
89.9943
103.92
93.4938
76.0171
103.524
109.202
115.059
174.471
134.228
128.647
120.61
99.6132
209.271
92.6451
104.581
100.317
146.1
89.9943
103.92
93.4938
76.0171
103.524
109.202
115.059
174.471
134.228
128.647
120.61
99.6132
209.271
92.6451
104.581
100.317
146.1
89.9943
103.92
93.4938
76.0171
103.524
109.202
115.059
174.471
134.228
128.647
120.61
99.6132
209.271
92.6451
74.8504
104.581
100.317
146.1
89.9943
103.92
93.4938
76.0171
103.524
109.202
115.059
174.471
134.228
128.647
120.61
99.6132
209.271
46.5183
46.5183
46.5183
46.5183
85.0573
80.885
125.884
123.768
88.1176
64.308
67.1737
87.5231
83.3574
96.9075
76.1425
51.5167
106.503
95.9064
89.9717
92.9969
34.433
96.4572
70.1054
62.2594
53.5227
54.3782
91.3634
88.122
138.181
128.749
85.9024
72.5421
77.9417
95.0907
91.5686
103.879
86.2535
58.8062
114.909
105.297
101.515
98.0717
43.7613
104.231
78.9005
65.5795
53.5227
54.3782
35.3224
153.532
35.3224
153.532
94.8762
106.562
61.3864
83.5119
38.8375
97.942
35.3224
67.7649
85.5815
119.236
95.0788
101.096
70.2251
93.7694
136.3
66.9523
86.9777
67.5083
54.6861
57.2551
58.9913
54.883
54.5515
96.6847
106.865
61.9163
83.6315
39.3576
99.0786
36.7705
68.891
87.1636
120.203
96.5628
101.867
71.0611
154.637
94.9548
137.795
68.0606
88.4084
68.6322
54.6861
57.2551
58.9913
54.883
54.5515
96.6847
106.865
61.9163
83.6315
39.3576
99.0786
36.7705
68.891
87.1636
120.203
96.5628
101.867
71.0611
154.637
94.9548
137.795
68.0606
88.4084
68.6322
54.6861
57.2551
58.9913
54.883
54.5515
28.9453
28.9453
51.0021
51.0021
81.5304
58.0766
39.4854
58.4684
72.5929
86.3395
53.1082
58.0819
56.8492
91.2995
65.3091
55.4178
41.5704
78.1528
8.26598
27.2654
-46.136
-5.25988
-9.65472
6.17552
9.47228
11.4094
12.1396
25.1936
32.1419
20.4147
31.32
31.6621
41.2424
51.2951
67.2998
70.326
14.9688
43.5181
-33.8139
7.16186
61.7739
-5.27059
10.8672
19.7661
29.732
18.2754
40.9545
47.6161
27.4983
43.4243
42.1295
34.162
61.2645
51.2951
67.2998
70.326
39.5612
48.4148
66.3159
78.5652
92.7624
57.2165
63.4369
62.0113
97.9981
71.3767
60.7502
44.6122
85.9646
103.828
91.1668
111.83
143.879
94.1435
107.212
91.8945
77.3149
114.098
110.669
125.339
177.134
135.186
125.668
120.918
100.377
215.754
46.6479
51.1147
84.0328
80.4722
111.782
60.6731
93.0268
38.4428
32.4752
83.386
26.6604
48.0639
60.6828
99.7213
73.7929
81.9609
52.3763
70.6738
80.2121
113.259
61.4126
78.3228
52.6817
54.6861
57.2551
58.9913
55.7422
54.5515
104.454
86.8343
112.97
143.975
93.8401
108.401
109.44
93.0767
79.4382
116.778
111.032
130.305
181.144
137.404
125.125
123.179
101.357
219.27
149.036
111.805
127.084
51.8848
98.005
39.0609
42.5418
122.705
87.6901
89.5421
112.066
162.419
144.601
145.678
97.0572
119.296
151.046
184.225
109.064
126.932
105.843
54.6861
57.2551
58.9913
55.7422
54.5515
92.1352
89.1337
139.136
129.524
86.341
72.6594
78.934
95.8798
92.8654
105.416
86.8586
59.9485
116.344
106.069
102.19
99.256
45.1066
105.627
79.7174
67.0599
54.3782
91.3634
88.122
138.181
128.749
85.9024
72.5421
77.9417
95.0907
91.5686
103.879
86.2535
58.8062
114.909
105.297
101.515
98.0717
43.7613
104.231
78.9005
65.5795
54.3782
91.3634
88.122
138.181
128.749
85.9024
72.5421
77.9417
95.0907
91.5686
103.879
86.2535
58.8062
114.909
105.297
101.515
98.0717
43.7613
104.231
78.9005
65.5795
53.5227
54.3782
91.3634
88.122
138.181
128.749
85.9024
72.5421
77.9417
95.0907
91.5686
103.879
86.2535
58.8062
114.909
105.297
101.515
98.0717
43.7613
104.231
78.9005
65.5795
54.3782
52.0355
52.0355
44.6306
29.664
29.2951
29.0981
28.9453
126.778
124.652
89.4319
64.2618
68.2991
88.3185
84.8187
98.9909
76.4027
52.9894
108.662
96.7176
90.4972
94.8488
35.8314
97.9634
70.8098
64.7134
86.0536
81.9466
53.5227
54.3782
138.181
128.749
85.9024
72.5421
77.9417
95.0907
91.5686
103.879
86.2535
58.8062
114.909
105.297
101.515
98.0717
43.7613
104.231
78.9005
65.5795
91.3634
88.122
53.5227
54.3782
29.1767
27.3833
46.0492
48.488
17.0965
13.8529
48.6666
43.844
83.4867
37.0307
78.3578
41.7179
80.8643
38.4544
26.8276
111.027
118.222
85.2464
155.994
47.2373
103.274
95.4869
52.577
-8.83514
93.7292
137.244
53.52
113.768
130.951
102.512
92.0673
130.227
120.629
74.0079
157.096
116.528
91.5437
209.497
34.7607
39.9386
52.5314
47.7151
88.1725
136.609
123.725
82.8636
72.0245
75.312
96.5062
89.296
101.476
95.2636
57.7909
106.196
103.723
100.328
97.4232
42.8506
103.7
77.3149
62.7297
73.4043
49.6496
48.0471
46.3375
46.1022
51.0024
34.2358
47.6865
25.9877
25.9877
28.0393
92.4298
102.4
55.9023
76.1985
36.0699
91.4879
32.7628
60.4714
75.5315
110.631
88.8352
93.6558
62.4672
88.7672
128.067
64.2384
85.2381
64.3428
54.8725
56.9027
58.8656
55.5092
54.6106
44.5963
57.3785
57.3785
56.0567
56.0567
56.0567
56.0567
56.0567
56.0567
70.3847
25.9877
25.9877
25.9877
25.9877
24.4466
25.7846
28.9774
93.0359
112.883
145.224
95.9159
108.468
92.9381
78.225
115.102
112.46
125.97
178.612
136.308
127.042
122.052
101.328
217.366
119.321
54.6861
57.2551
58.9913
55.7422
44.2324
125.935
103.829
146.712
115.071
132.131
57.3533
101.863
44.647
123.486
86.3094
112.33
162.693
143.155
145.428
97.9395
121.078
149.279
183.124
107.255
74.5587
93.0359
112.883
145.224
95.9159
108.468
92.9381
78.225
115.102
112.46
125.97
178.612
136.308
127.042
122.052
217.366
119.321
54.6861
57.2551
58.9913
55.7422
54.5515
44.2324
125.935
103.829
146.712
115.071
132.131
57.3533
101.863
44.647
123.486
86.3094
112.33
162.693
143.155
145.428
97.9395
121.078
149.279
183.124
107.255
74.5587
93.0359
112.883
145.224
95.9159
108.468
107.084
92.9381
78.225
115.102
112.46
125.97
178.612
136.308
127.042
122.052
217.366
119.321
54.6861
57.2551
58.9913
55.7422
54.5515
44.2324
125.935
103.829
146.712
115.071
132.131
57.3533
101.863
44.647
123.486
86.3094
112.33
162.693
143.155
145.428
97.9395
149.279
183.124
107.255
93.0359
112.883
145.224
95.9159
108.468
107.084
92.9381
78.225
115.102
112.46
125.97
178.612
136.308
127.042
122.052
101.328
217.366
119.321
54.6861
57.2551
58.9913
78.1396
56.1521
55.7422
54.5515
44.2324
125.935
103.829
130.42
146.712
115.071
132.131
57.3533
101.863
43.647
84.8421
44.647
83.6874
123.486
86.3094
112.33
162.693
143.155
145.428
97.9395
121.078
149.279
183.124
107.255
93.0359
112.883
145.224
95.9159
108.468
107.084
92.9381
78.225
115.102
112.46
125.97
178.612
136.308
127.042
122.052
217.366
119.321
54.6861
57.2551
58.9913
78.1396
56.1521
55.7422
54.5515
44.2324
125.935
103.829
130.42
146.712
115.071
132.131
57.3533
101.863
43.647
84.8421
44.647
83.6874
123.486
86.3094
112.33
162.693
143.155
145.428
97.9395
121.078
149.279
183.124
107.255
89.1841
137.564
124.479
83.3022
72.1417
76.2915
97.3479
90.5927
103.014
95.9429
58.9332
107.631
104.495
101.003
98.6075
44.1959
105.097
78.1318
64.2101
74.1674
53.5466
51.6383
88.1725
136.609
123.725
82.8636
72.0245
75.312
96.5062
89.296
101.476
95.2636
57.7909
106.196
103.723
100.328
97.4232
42.8506
103.7
77.3149
62.7297
73.4043
53.5466
51.6383
88.1725
136.609
123.725
82.8636
72.0245
75.312
96.5062
89.296
101.476
95.2636
57.7909
106.196
103.723
100.328
97.4232
42.8506
103.7
77.3149
62.7297
73.4043
51.6383
88.1725
136.609
123.725
82.8636
72.0245
75.312
96.5062
89.296
101.476
95.2636
57.7909
106.196
103.723
100.328
97.4232
42.8506
103.7
77.3149
62.7297
73.4043
51.6383
88.1725
136.609
123.725
82.8636
72.0245
75.312
96.5062
89.296
101.476
95.2636
57.7909
106.196
103.723
100.328
97.4232
42.8506
103.7
77.3149
62.7297
73.4043
51.6383
88.1725
136.609
123.725
82.8636
72.0245
75.312
96.5062
89.296
101.476
95.2636
57.7909
106.196
103.723
100.328
97.4232
42.8506
103.7
77.3149
62.7297
73.4043
51.6383
88.1725
136.609
123.725
82.8636
72.0245
75.312
96.5062
89.296
101.476
95.2636
57.7909
106.196
103.723
100.328
97.4232
42.8506
103.7
77.3149
62.7297
73.4043
51.6383
88.1725
136.609
123.725
82.8636
72.0245
75.312
96.5062
89.296
101.476
95.2636
57.7909
106.196
103.723
100.328
97.4232
42.8506
103.7
77.3149
62.7297
73.4043
51.6383
88.1725
136.609
123.725
82.8636
72.0245
75.312
96.5062
89.296
101.476
95.2636
57.7909
106.196
103.723
100.328
97.4232
42.8506
103.7
77.3149
62.7297
73.4043
51.6383
88.1725
136.609
123.725
82.8636
72.0245
75.312
96.5062
89.296
101.476
95.2636
57.7909
106.196
103.723
100.328
97.4232
42.8506
103.7
77.3149
62.7297
73.4043
51.6383
88.1725
136.609
123.725
82.8636
72.0245
75.312
96.5062
89.296
101.476
95.2636
57.7909
106.196
103.723
100.328
97.4232
42.8506
103.7
77.3149
62.7297
73.4043
51.6383
88.1725
136.609
123.725
82.8636
72.0245
75.312
96.5062
89.296
101.476
95.2636
57.7909
106.196
103.723
100.328
97.4232
42.8506
103.7
77.3149
62.7297
73.4043
51.6383
73.0373
62.2027
80.5381
122.937
135.517
64.3175
161.097
133.7
148.076
103.707
129.593
91.1257
186.171
198.404
172.14
123.205
102.567
93.2684
189.175
168.106
50.184
32.2243
64.8096
66.2487
71.6337
59.4926
41.5375
103.777
100.238
138.691
114.438
93.1465
125.579
47.8052
165.177
89.0043
165.247
105.812
108.991
50.7508
104.782
147.164
111.801
161.391
113.569
140.939
122.884
102.011
78.5656
73.0373
80.5381
122.937
135.517
65.7101
161.097
133.7
148.076
103.707
129.593
91.9213
186.171
198.404
163.293
129.712
102.567
95.9349
189.175
168.106
42.7017
50.184
64.8096
66.2487
71.0193
71.6337
59.4926
41.5375
103.777
100.238
138.691
114.438
93.1465
125.579
53.4589
165.177
89.0043
165.247
105.812
108.991
50.7508
104.782
147.164
111.801
161.391
113.569
166.045
140.939
122.884
102.011
78.5656
93.0753
107.098
61.6811
54.492
85.857
95.693
50.2467
95.9541
68.5814
96.6337
99.0618
117.686
101.039
140.177
105.424
97.9812
93.3434
144.375
132.343
107.177
75.0524
122.139
74.5621
59.5631
67.7097
66.7452
59.8348
50.435
53.8458
73.1923
93.0833
107.527
61.8226
54.3935
86.166
95.1972
50.1524
96.0332
68.6609
96.6074
99.2047
117.812
101.002
139.928
105.359
98.3484
93.2322
144.379
132.467
107.057
75.2841
122.109
74.5621
59.5631
67.7097
66.7452
59.8348
50.435
53.8458
73.1923
140.651
131.444
87.1299
74.4903
80.3338
97.297
94.6459
107.657
89.0938
61.4348
118.259
107.192
103.614
102.534
47.4238
107.597
81.6402
68.6427
93.3442
90.5177
49.6496
43.2792
46.3375
46.1022
51.0024
6.11003
92.7486
105.749
60.799
84.3111
38.6572
97.7021
33.862
67.7378
85.7965
120.502
84.5786
102.166
70.8059
93.4902
136.352
66.0744
85.5617
66.0985
54.8725
56.9027
58.8656
55.5092
54.6106
79.5481
107.627
90.732
147.269
89.2924
99.4979
87.0654
82.1262
93.3774
116.235
108.753
177.4
131.924
130.307
115.882
89.9702
206.002
79.5481
107.627
90.732
147.269
89.2924
99.4979
87.0654
82.1262
93.3774
116.235
108.753
177.4
131.924
130.307
115.882
89.9702
206.002
79.5481
107.627
90.732
147.269
89.2924
99.4979
87.0654
82.1262
93.3774
116.235
108.753
177.4
131.924
130.307
115.882
89.9702
206.002
79.5481
107.627
90.732
147.269
89.2924
99.4979
87.0654
82.1262
93.3774
116.235
108.753
177.4
131.924
130.307
115.882
89.9702
206.002
48.9222
51.1054
59.0767
79.9236
57.4903
52.8391
88.5788
141.542
134.478
97.4377
81.8668
85.0057
96.7605
95.7284
113.845
96.9772
62.3487
120.123
107.134
110.59
104.113
53.8627
106.441
89.8865
76.3623
76.0794
52.7472
52.4819
51.6348
56.9903
90.1233
144.352
135.305
96.2003
83.8797
87.3661
99.0012
97.2851
114.914
98.8353
63.6414
121.55
109.259
113.435
104.759
55.5811
107.944
91.9412
76.2826
77.212
52.7472
55.4922
52.4819
51.6348
56.9903
90.1233
144.352
135.305
96.2003
83.8797
87.3661
99.0012
97.2851
114.914
98.8353
63.6414
121.55
109.259
113.435
104.759
55.5811
107.944
91.9412
76.2826
77.212
52.7472
55.4922
52.4819
51.6348
56.9903
89.7518
143.089
133.107
93.5712
81.5006
86.0813
95.7451
94.9361
111.418
96.4666
62.9077
117.768
108.267
111.502
103.44
54.2712
106.833
89.1429
73.0514
76.6011
52.7472
52.4819
51.6348
56.9903
52.7472
55.4922
52.4819
51.6348
56.9903
90.1233
144.352
135.305
96.2003
83.8797
87.3661
99.0012
97.2851
114.914
98.8353
63.6414
121.55
109.259
113.435
104.759
55.5811
107.944
91.9412
76.2826
77.212
52.7472
55.4922
52.4819
51.6348
56.9903
90.1233
144.352
135.305
96.2003
83.8797
87.3661
99.0012
97.2851
114.914
98.8353
63.6414
121.55
109.259
113.435
104.759
55.5811
107.944
91.9412
76.2826
77.212
52.7472
52.4819
51.6348
56.9903
94.1174
131.329
111.199
101.754
82.6724
120.171
51.9747
71.5924
83.8674
126.641
114.516
121.667
76.9805
106.532
116.874
91.2987
93.9135
132.37
110.458
56.8424
69.28
65.5873
56.9836
55.5675
49.7046
94.9595
104.75
101.831
148.087
91.0609
105.978
94.7814
77.0826
105.464
116.807
117.796
177.535
136.445
130.169
122.779
101.3
214.359
51.1147
46.6479
51.1147
59.7313
28.9453
43.9316
111.707
142.186
40.6032
73.0373
62.2027
80.5381
122.937
135.517
64.3175
161.097
133.7
148.076
103.707
129.593
91.1257
186.171
198.404
172.14
123.205
102.567
93.2684
189.175
168.106
50.184
32.2243
64.8096
66.2487
71.6337
59.4926
41.5375
103.777
100.238
138.691
114.438
93.1465
125.579
47.8052
165.177
89.0043
165.247
105.812
108.991
50.7508
104.782
147.164
111.801
161.391
113.569
140.939
122.884
102.011
78.5656
73.0373
80.5381
122.937
135.517
65.7101
161.097
133.7
148.076
103.707
129.593
91.9213
186.171
198.404
163.293
129.712
102.567
95.9349
189.175
168.106
42.7017
50.184
64.8096
66.2487
71.0193
71.6337
59.4926
41.5375
103.777
100.238
138.691
114.438
93.1465
125.579
53.4589
165.177
89.0043
165.247
105.812
108.991
50.7508
104.782
147.164
111.801
161.391
113.569
166.045
140.939
122.884
102.011
78.5656
62.3488
63.8757
94.0157
75.2498
104.665
100.431
147.528
90.8004
105.541
97.3285
94.5958
77.4983
104.414
117.244
117.198
177.645
136.059
129.922
122.764
100.579
213.514
37.0549
48.6939
53.7875
39.4034
75.282
58.4496
40.9816
52.2224
106.303
131.118
111.228
110.86
81.6191
88.6018
124.026
69.0481
79.5721
98.9422
82.6404
148.641
40.9346
111.385
128.938
82.1305
105.115
109.959
134.759
116.211
124.709
106.885
109.483
55.9745
67.0429
54.8474
53.815
71.6442
68.4503
66.4055
57.0107
64.8168
55.6161
56.2259
94.0157
75.2498
104.665
100.431
147.528
90.8004
105.541
97.3285
94.5958
77.4983
104.414
117.244
117.198
177.645
136.059
129.922
122.764
100.579
213.514
155.787
48.6939
53.7875
39.4034
79.1726
58.4496
40.9816
52.2224
179.338
256.375
206.322
185.656
141.007
137.601
203.31
37.698
48.5047
124.582
75.1136
208.246
5.53225
155.768
218.365
96.5584
148.169
130.975
251.245
158.308
235.092
122.733
150.868
55.9745
67.0429
54.8474
53.815
71.6442
68.4503
66.4055
57.0107
64.8168
55.6161
56.2259
94.0157
75.2498
104.665
100.431
147.528
90.8004
105.541
97.3285
94.5958
77.4983
104.414
117.244
117.198
177.645
136.059
129.922
122.764
100.579
213.514
48.6939
53.7875
39.4034
58.4496
40.9816
52.2224
106.303
131.118
111.228
110.86
81.6191
88.6018
124.026
69.0481
79.5721
98.9422
82.6404
84.7379
148.641
40.9346
111.385
128.938
82.1305
105.115
109.959
134.759
116.211
124.709
106.885
109.483
55.9745
67.0429
54.8474
53.815
71.6442
68.4503
66.4055
57.0107
64.8168
55.6161
56.2259
61.1429
61.1429
59.9985
59.9985
46.5183
46.5183
46.5183
46.5183
46.5183
46.5183
102.836
70.8004
139.161
66.8823
64.0179
32.1352
30.6535
32.1714
33.5255
33.5255
41.4781
32.2918
43.013
34.9212
34.8494
46.5183
46.5183
106.423
104.478
102.268
148.183
91.699
106.473
98.5269
94.4801
71.4266
105.889
117.757
118.659
178.05
136.717
130.02
123.072
101.449
214.745
63.6243
104.004
101.182
145.032
91.8497
102.891
92.5781
74.8945
101
113.87
113.159
171.465
132.059
128.193
118.867
110.135
208.048
9.3239
49.043
49.043
49.043
107.554
45.9771
136.384
56.5191
56.5191
145.124
95.5834
76.7858
117.356
156.206
153.858
112.008
82.0598
119.252
38.9177
46.0492
48.488
56.5182
57.888
54.4096
56.7722
56.7722
53.4538
58.5938
58.5139
54.6231
56.4033
59.2222
49.9054
50.1994
49.7535
54.8113
56.0687
52.7369
54.9509
54.9509
55.1745
53.3591
49.1421
43.2865
59.5765
71.2777
86.1023
68.7363
66.8752
53.629
44.9967
88.6431
62.9426
52.8483
50.6365
74.4575
52.2201
44.0034
31.6728
31.6728
43.3221
-14.4817
30.5207
107.137
-1.62309
18.8489
90.1757
40.3987
53.7047
59.5712
61.5691
105.262
64.0638
100.557
74.566
73.2736
41.9761
51.4043
66.9298
69.9348
39.5234
60.9129
77.4912
88.093
103.875
81.8833
66.0277
57.6294
108.266
79.0984
67.557
65.9182
73.5129
95.2937
52.2201
44.0034
31.6728
31.6728
43.3221
-14.4817
30.5207
107.137
-1.62309
18.8489
90.1757
40.3987
53.7047
59.5712
61.5691
105.262
64.0638
100.557
74.566
73.2736
51.4043
66.9298
69.9348
94.9595
104.75
101.831
148.087
91.0609
105.978
94.7814
77.0826
105.464
116.807
117.796
177.535
136.445
130.169
122.779
101.3
212.689
39.8939
43.0399
53.0697
130.483
100.638
76.5436
74.268
120.49
111.71
67.425
71.9637
84.7745
47.4573
85.2466
52.165
86.1354
105.174
87.2388
128.91
61.7708
85.0697
104.027
68.0935
66.5653
66.121
59.0778
94.9595
104.75
101.831
148.087
91.0609
105.978
94.7814
77.0826
105.464
116.807
117.796
177.535
136.445
130.169
122.779
101.3
212.689
42.4656
47.9722
51.8537
133.871
103.064
79.6467
76.4715
124.41
112.832
69.0422
74.0574
88.7438
49.0246
87.8625
56.0164
89.7544
106.606
90.1691
131.561
64.1377
87.434
106.648
73.7758
68.0935
66.5653
66.121
59.0778
94.9595
104.75
101.831
148.087
91.0609
105.978
94.7814
77.0826
105.464
116.807
117.796
177.535
136.445
130.169
122.779
101.3
212.689
39.8939
43.0399
53.0697
130.483
100.638
76.5436
74.268
120.49
111.71
67.425
71.9637
84.7745
47.4573
85.2466
52.165
86.1354
105.174
87.2388
128.91
61.7708
85.0697
104.027
53.8952
73.7758
68.0935
66.5653
66.121
59.0778
105.567
84.7234
114.023
118.081
146.787
104.479
103.71
96.0662
100.391
77.359
107.138
111.688
119.689
173.168
133.483
132.331
121.404
100.149
212.129
20.8468
30.2018
36.3041
73.0373
80.5381
122.937
135.517
64.3175
161.097
133.7
148.076
103.707
129.593
91.1257
186.171
198.404
172.14
123.205
102.567
189.175
168.106
50.184
32.2243
64.8096
66.954
71.6337
55.1054
41.5375
103.777
138.691
106.604
93.1465
125.579
47.8052
165.177
87.5749
164.895
105.812
100.06
50.7508
104.782
147.164
111.801
164.623
113.569
166.045
138.359
137.669
122.884
102.011
73.0373
80.5381
122.937
135.517
64.3175
161.097
148.076
103.707
129.593
91.9213
186.171
198.404
163.293
123.205
102.567
93.2684
189.175
168.106
50.184
64.8096
66.954
71.0193
71.6337
55.1054
41.5375
103.777
138.691
106.604
93.1465
125.579
53.4589
165.177
87.5749
164.895
105.812
100.06
50.7508
104.782
147.164
111.801
164.623
113.569
166.045
138.359
137.669
122.884
102.011
104.789
114.047
117.412
146.719
103.748
103.473
95.571
100.232
77.2171
106.725
113.597
118.967
172.684
133.148
138.858
122.136
92.4838
211.691
57.7253
44.2484
71.0566
71.9397
41.2796
77.9767
55.4904
72.9371
80.4942
54.5734
103.719
62.9772
54.8884
74.3588
68.5711
68.0489
63.4003
104.789
114.047
117.412
146.719
103.748
103.473
95.571
100.232
77.2171
106.725
113.597
118.967
172.684
133.148
138.858
122.136
92.4838
211.691
57.7253
44.2484
71.0566
90.7824
71.9397
41.2796
77.9767
55.4904
72.9371
80.4942
54.5734
103.719
62.9772
54.8884
74.3588
67.2252
68.5711
68.0489
63.4003
55.5321
50.184
64.8096
66.2487
71.6337
59.4926
41.5375
114.438
93.1465
125.579
53.4589
47.8052
89.0043
165.247
105.812
91.9014
104.782
147.164
111.801
161.391
113.569
140.939
122.884
102.011
78.5656
45.8191
69.0998
65.6257
61.6775
13.4836
13.4836
13.6152
22.1185
22.1185
22.1185
14.3904
14.3904
14.3904
13.4577
13.4577
11.562
64.9157
63.6852
64.2915
64.9157
161.197
160.044
60.4947
60.4947
59.3554
28.0393
25.9877
22.0034
24.3625
32.383
34.5329
77.4576
119.722
115.322
85.1505
59.8704
60.5732
85.4995
77.0719
90.3759
82.3197
47.2397
94.0651
90.9417
84.596
89.656
28.5438
91.4776
64.0595
57.3216
64.8592
51.6383
88.1725
136.609
123.725
82.8636
72.0245
75.312
96.5062
89.296
101.476
95.2636
57.7909
106.196
103.723
100.328
97.4232
42.8506
103.7
77.3149
62.7297
73.4043
53.5466
51.6383
62.5557
44.6202
56.6066
99.5453
83.7263
110.017
116.887
138.211
95.5102
93.2018
83.1886
95.7082
68.6514
98.1747
94.0008
112.039
157.999
123.533
123.9
114.179
92.2396
200.992
36.0914
41.8886
82.02
124.294
117.962
83.4618
62.3701
64.7696
88.8105
82.3551
95.3008
84.5435
50.382
98.1267
94.0119
89.0523
91.9516
33.8912
97.4022
68.7684
59.9472
67.9618
49.6496
48.0471
46.3375
46.1022
51.0024
73.0373
62.2027
80.5381
122.937
135.517
64.3175
161.097
133.7
148.076
103.707
129.593
91.1257
186.171
191.133
172.14
123.205
102.567
93.2684
189.175
168.106
50.184
32.2243
64.8096
66.954
71.6337
55.1054
41.5375
103.777
138.691
106.604
93.1465
125.579
47.8052
165.177
87.5749
164.895
105.812
100.06
50.7508
104.782
147.164
111.801
164.623
113.569
166.045
138.359
122.884
102.011
137.669
73.0373
80.5381
122.937
135.517
65.7101
161.097
133.7
148.076
103.707
129.593
91.9213
186.171
191.133
163.293
129.712
102.567
95.9349
189.175
168.106
50.184
64.8096
66.954
71.0193
71.6337
55.1054
41.5375
103.777
138.691
106.604
93.1465
125.579
53.4589
165.177
87.5749
164.895
105.812
100.06
50.7508
104.782
147.164
111.801
164.623
113.569
166.045
138.359
122.884
102.011
137.669
73.0373
62.2027
80.5381
122.937
135.517
64.3175
161.097
133.7
148.076
103.707
129.593
91.1257
186.171
191.133
172.14
123.205
102.567
93.2684
189.175
168.106
50.184
32.2243
64.8096
66.954
71.6337
55.1054
41.5375
103.777
138.691
106.604
93.1465
125.579
47.8052
165.177
87.5749
164.895
105.812
100.06
50.7508
104.782
147.164
111.801
164.623
113.569
166.045
138.359
122.884
102.011
137.669
73.0373
80.5381
122.937
135.517
65.7101
161.097
133.7
148.076
103.707
129.593
91.9213
186.171
191.133
163.293
129.712
102.567
95.9349
189.175
168.106
50.184
64.8096
66.954
71.0193
71.6337
55.1054
41.5375
103.777
138.691
106.604
93.1465
125.579
53.4589
165.177
87.5749
164.895
105.812
100.06
50.7508
104.782
147.164
111.801
164.623
113.569
166.045
138.359
122.884
102.011
137.669
73.0373
62.2027
80.5381
122.937
135.517
64.3175
161.097
133.7
148.076
103.707
129.593
91.1257
186.171
191.133
172.14
123.205
102.567
93.2684
189.175
168.106
50.184
32.2243
64.8096
66.954
71.6337
55.1054
41.5375
103.777
138.691
106.604
93.1465
125.579
47.8052
165.177
87.5749
164.895
105.812
100.06
50.7508
104.782
147.164
111.801
164.623
113.569
166.045
138.359
122.884
102.011
137.669
168.106
50.184
64.8096
66.954
71.0193
71.6337
55.1054
41.5375
103.777
138.691
71.4588
106.604
93.1465
125.579
53.4589
165.177
87.5749
164.895
105.812
100.06
50.7508
104.782
147.164
111.801
164.623
113.569
166.045
138.359
122.884
102.011
137.669
73.0373
62.2027
80.5381
122.937
135.517
64.3175
161.097
133.7
148.076
103.707
129.593
91.1257
186.171
191.133
172.14
123.205
102.567
93.2684
189.175
168.106
50.184
32.2243
64.8096
66.954
71.6337
55.1054
41.5375
103.777
138.691
106.604
93.1465
125.579
47.8052
165.177
87.5749
164.895
105.812
100.06
50.7508
104.782
147.164
111.801
164.623
113.569
166.045
138.359
122.884
102.011
137.669
73.0373
80.5381
122.937
135.517
65.7101
161.097
133.7
148.076
103.707
129.593
91.9213
186.171
191.133
163.293
129.712
102.567
95.9349
189.175
168.106
50.184
64.8096
66.954
71.0193
71.6337
55.1054
41.5375
103.777
138.691
71.4588
106.604
93.1465
125.579
53.4589
165.177
87.5749
164.895
105.812
100.06
50.7508
104.782
147.164
111.801
164.623
113.569
166.045
138.359
122.884
102.011
137.669
90.5492
138.984
126.516
84.3985
73.6231
77.6706
99.0371
92.296
105.357
97.7869
60.4661
109.795
105.638
102.311
100.355
46.2284
107.022
79.8779
66.0979
75.4605
51.6383
62.5557
44.6202
56.6066
95.0317
78.3908
109.704
101.485
148.738
89.1138
102.138
92.1614
97.1928
77.2385
101.051
113.386
112.959
175.633
134.05
132.995
150.756
97.2921
212.882
40.6602
43.3361
73.0373
62.2027
80.5381
122.937
135.517
64.3175
161.097
148.076
103.707
129.593
91.1257
186.171
191.133
172.14
123.205
102.567
93.2684
189.175
168.106
50.184
32.2243
64.8096
66.954
71.6337
55.1054
41.5375
103.777
138.691
106.604
93.1465
125.579
47.8052
165.177
87.5749
164.895
105.812
100.06
50.7508
104.782
147.164
111.801
164.623
113.569
166.045
138.359
122.884
102.011
137.669
73.0373
80.5381
122.937
135.517
65.7101
161.097
148.076
103.707
129.593
91.9213
186.171
191.133
163.293
129.712
102.567
95.9349
189.175
168.106
50.184
64.8096
66.954
71.0193
71.6337
55.1054
41.5375
103.777
138.691
106.604
93.1465
125.579
53.4589
165.177
87.5749
164.895
105.812
100.06
50.7508
104.782
147.164
111.801
164.623
113.569
166.045
138.359
122.884
102.011
137.669
73.0373
62.2027
80.5381
122.937
135.517
64.3175
161.097
133.7
148.076
103.707
129.593
91.1257
186.171
191.133
172.14
123.205
102.567
93.2684
189.175
168.106
50.184
32.2243
64.8096
66.954
71.6337
55.1054
41.5375
103.777
138.691
106.604
93.1465
125.579
47.8052
165.177
87.5749
164.895
105.812
100.06
50.7508
104.782
147.164
111.801
164.623
113.569
166.045
138.359
122.884
102.011
137.669
73.0373
80.5381
122.937
135.517
65.7101
161.097
133.7
148.076
103.707
129.593
91.9213
186.171
191.133
163.293
129.712
102.567
95.9349
189.175
168.106
50.184
64.8096
66.954
71.0193
71.6337
55.1054
41.5375
103.777
138.691
106.604
93.1465
125.579
53.4589
165.177
87.5749
164.895
105.812
100.06
50.7508
104.782
147.164
111.801
164.623
113.569
166.045
138.359
122.884
102.011
137.669
25.4694
12.9476
66.2487
71.6337
41.5375
103.777
100.238
138.691
194.052
36.76
101.133
114.438
125.579
53.4589
47.8052
50.3151
165.247
105.812
91.9014
104.782
147.164
111.801
161.391
113.569
140.939
122.884
102.011
78.5656
93.4486
75.1168
104.681
100.496
147.117
91.3868
104.991
96.5268
94.4106
77.2867
103.787
117.038
116.209
176.22
135.007
127.209
128.093
99.7901
210.465
93.4486
104.681
100.496
147.117
91.3868
104.991
96.5268
94.4106
77.2867
103.787
117.038
116.209
176.22
135.007
127.209
128.093
99.7901
210.465
93.4486
104.681
100.496
147.117
91.3868
104.991
96.5268
94.4106
77.2867
103.787
117.038
116.209
176.22
135.007
127.209
128.093
99.7901
210.465
93.4486
104.681
100.496
147.117
91.3868
104.991
96.5268
94.4106
77.2867
103.787
117.038
116.209
176.22
135.007
127.209
128.093
99.7901
210.465
94.2704
104.311
101.085
146.55
90.5555
104.708
93.2939
76.08
104.123
115.231
116.496
175.46
134.882
128.677
127.266
100.073
211.906
94.2704
104.311
101.085
146.55
90.5555
104.708
93.2939
76.08
104.123
115.231
116.496
175.46
134.882
128.677
127.266
100.073
211.906
46.4243
65.3254
77.5302
105.595
54.6832
68.1939
67.3607
67.5788
61.7918
79.2091
71.8188
80.3578
125.224
94.5077
94.9591
82.4535
62.7968
157.618
104.789
114.047
117.412
146.719
103.748
103.473
95.571
100.232
77.2171
106.725
113.597
118.967
172.684
133.148
138.858
122.136
92.4838
211.691
53.6182
42.9361
69.6279
69.3111
39.5654
77.1829
54.7281
69.3099
77.625
51.2157
100.509
59.6306
53.6155
74.3588
68.5711
68.0489
63.4003
104.789
114.047
117.412
146.719
103.748
103.473
95.571
100.232
77.2171
106.725
113.597
118.967
172.684
133.148
138.858
122.136
92.4838
211.691
53.6182
42.9361
69.6279
89.0702
69.3111
39.5654
77.1829
54.7281
69.3099
77.625
51.2157
100.509
59.6306
53.6155
74.3588
68.5711
68.0489
63.4003
75.771
50.184
32.2243
64.8096
66.2487
71.6337
59.4926
41.5375
114.438
93.1465
125.579
47.8052
165.177
89.0043
165.247
105.812
108.991
50.7508
104.782
147.164
111.801
161.391
113.569
140.939
122.884
102.011
78.5656
50.184
64.8096
66.2487
71.0193
71.6337
59.4926
41.5375
114.438
93.1465
125.579
53.4589
165.177
89.0043
165.247
105.812
108.991
50.7508
104.782
147.164
111.801
161.391
113.569
166.045
140.939
122.884
102.011
78.5656
73.0373
62.2027
80.5381
122.937
135.517
64.3175
161.097
133.7
148.076
103.707
129.593
91.1257
186.171
198.404
172.14
123.205
102.567
93.2684
189.175
168.106
73.0373
62.2027
80.5381
122.937
135.517
65.7101
161.097
133.7
148.076
103.707
129.593
91.9213
186.171
198.404
163.293
129.712
102.567
95.9349
189.175
168.106
93.3578
104.84
100.569
147.513
90.5091
105.25
96.9528
94.3533
77.1232
104.457
116.772
116.584
176.817
135.736
129.847
122.123
100.502
213.127
93.8043
104.84
100.569
147.513
90.5091
105.25
96.9528
94.3533
77.1232
104.457
116.772
116.584
176.817
135.736
129.847
122.123
100.502
213.127
104.789
114.047
117.412
146.719
103.748
103.473
95.571
100.232
77.2171
106.725
113.597
118.967
172.684
133.148
138.858
122.136
92.4838
211.691
104.789
114.047
117.412
146.719
103.748
103.473
95.571
100.232
77.2171
106.725
113.597
118.967
172.684
133.148
138.858
122.136
92.4838
211.691
89.3959
66.0498
92.5435
91.298
54.1602
89.2217
91.32
93.9139
95.5131
74.0557
119.63
82.1119
72.8777
74.3588
70.4285
68.0489
63.4003
98.4414
72.8456
99.2462
119.212
93.0176
59.142
97.3727
96.881
105.618
107.877
81.8461
129.288
90.1929
81.6101
74.3588
70.4285
68.0489
63.4003
104.789
114.047
117.412
146.719
103.748
103.473
95.571
100.232
77.2171
106.725
113.597
118.967
172.684
133.148
138.858
122.136
92.4838
211.691
89.3959
66.0498
92.5435
106.279
91.298
54.1602
89.2217
91.32
93.9139
95.5131
74.0557
119.63
82.1119
72.8777
74.3588
67.2252
70.4285
68.0489
63.4003
104.789
114.047
117.412
146.719
103.748
103.473
95.571
100.232
77.2171
106.725
113.597
118.967
172.684
133.148
138.858
122.136
92.4838
211.691
89.3959
66.0498
92.5435
91.298
54.1602
89.2217
91.32
93.9139
95.5131
74.0557
119.63
82.1119
72.8777
74.3588
70.4285
68.0489
63.4003
104.789
114.047
117.412
146.719
103.748
103.473
95.571
100.232
77.2171
105.78
116.227
118.967
172.684
133.148
138.858
122.136
92.4838
211.691
177.841
47.8291
115.704
66.7753
73.2447
79.86
47.6163
92.322
78.3739
87.3233
107.509
81.4941
130.887
97.6055
87.4835
74.3588
70.4285
68.0489
63.4003
104.789
114.047
117.412
146.719
103.748
103.473
95.571
100.232
77.2171
105.78
116.227
118.967
172.684
133.148
138.858
122.136
92.4838
211.691
177.841
47.8291
115.704
66.7753
73.2447
124.768
78.7092
47.6163
92.322
78.3739
87.3233
107.509
81.4941
130.887
97.6055
87.4835
74.3588
70.4285
68.0489
63.4003
104.789
114.047
117.412
146.719
103.748
103.473
95.2713
100.232
77.2171
106.725
113.597
118.967
172.684
133.148
138.858
122.136
92.4838
211.691
8.11173
35.0468
122.827
76.3765
83.1455
32.9087
53.7718
97.088
78.9928
92.1601
117.415
88.549
142.747
98.7977
95.3683
74.3588
70.4285
68.0489
59.0143
104.789
84.6135
114.047
117.412
146.719
103.748
103.473
95.2713
100.232
77.2171
106.725
113.597
118.967
172.684
133.148
138.858
122.136
92.4838
211.691
8.11173
35.0468
35.0468
122.827
76.3765
83.1455
88.8764
125.256
32.9087
53.7718
41.7389
97.088
78.9928
79.9309
32.8927
92.1601
117.415
88.549
142.747
98.7977
95.3683
74.3588
70.4285
68.0489
59.0143
104.789
114.047
117.412
146.719
103.748
103.473
95.2713
100.232
77.2171
106.725
113.597
118.967
172.684
133.148
138.858
122.136
92.4838
211.691
102.796
32.2402
120.361
74.2114
80.7024
52.0415
94.2149
75.7837
87.9977
114.812
85.4729
140.058
102.581
89.3636
74.3588
70.4285
68.0489
63.4003
104.789
84.6135
114.047
117.412
146.719
103.748
103.473
95.2713
100.232
77.2171
106.725
113.597
118.967
172.684
133.148
138.858
122.136
92.4838
211.691
102.796
32.6932
32.6932
32.2402
120.361
74.2114
80.7024
84.9973
129.495
52.0415
39.4482
94.2149
75.7837
76.316
31.3212
87.9977
114.812
85.4729
140.058
102.581
89.3636
74.3588
70.4285
68.0489
63.4003
51.1256
59.1403
49.2551
51.1256
59.1403
49.2551
51.1256
59.1403
49.2551
73.0373
80.5381
122.937
135.517
64.3175
161.097
148.076
103.707
129.593
91.9213
186.171
198.404
163.293
123.205
102.567
189.175
168.106
55.6742
70.8878
74.1763
78.6848
59.9805
82.5355
75.4151
97.1237
37.6839
44.1331
84.0199
150.186
69.6794
56.7563
75.101
136.986
98.3251
143.56
116.529
112.047
104.789
114.047
117.412
146.719
103.748
103.473
95.571
100.232
77.2171
106.725
113.597
118.967
172.684
133.148
138.858
122.136
92.4838
211.691
177.442
43.4354
134.552
76.9186
84.0044
90.7934
54.4719
98.1313
80.3834
93.3714
117.863
89.5843
143.736
106.124
96.1269
74.3588
70.4285
68.0489
59.0143
104.789
114.047
117.412
146.719
103.748
103.473
95.571
100.232
77.2171
106.725
113.597
118.967
172.684
133.148
138.858
122.136
92.4838
211.691
177.442
43.4354
134.552
76.9186
84.0044
133.739
90.7934
54.4719
98.1313
80.3834
93.3714
117.863
89.5843
143.736
106.124
96.1269
74.3588
67.2252
70.4285
68.0489
59.0143
73.0373
62.2027
80.5381
122.937
135.517
64.3175
161.097
133.7
148.076
103.707
129.593
91.1257
186.171
191.133
172.14
123.205
102.567
93.2684
189.175
168.106
50.184
32.2243
64.8096
66.954
71.6337
55.1054
41.5375
103.777
138.691
106.604
93.1465
125.579
47.8052
165.177
87.5749
164.895
105.812
100.06
50.7508
104.782
147.164
111.801
164.623
113.569
166.045
138.359
122.884
102.011
137.669
73.0373
80.5381
122.937
135.517
65.7101
161.097
133.7
148.076
103.707
129.593
91.9213
186.171
191.133
163.293
129.712
102.567
95.9349
189.175
168.106
50.184
64.8096
66.954
71.0193
71.6337
55.1054
41.5375
103.777
138.691
71.4588
106.604
93.1465
125.579
53.4589
165.177
87.5749
164.895
105.812
100.06
50.7508
104.782
147.164
111.801
164.623
113.569
166.045
138.359
122.884
102.011
137.669
84.4899
82.7773
52.3837
72.5401
22.8735
82.6557
56.6469
53.7467
82.3188
101.014
70.2207
76.5283
50.4202
73.6511
78.7948
111.231
62.5055
55.3761
54.4097
56.5614
59.2993
54.3759
52.3936
43.8227
81.5256
81.1144
50.586
71.6848
22.0859
80.6611
54.071
51.4615
79.9081
99.6152
67.8425
75.475
49.1279
71.7941
77.0584
108.758
60.7553
53.1753
54.4097
56.5614
59.2993
54.3759
52.3936
43.8227
81.5256
81.1144
50.586
71.6848
22.0859
80.6611
54.071
51.4615
79.9081
99.6152
67.8425
75.475
49.1279
71.7941
77.0584
108.758
60.7553
53.1753
54.4097
56.5614
59.2993
54.3759
52.3936
43.8227
82.5938
143.717
196.475
156.612
154.352
98.2672
70.8162
106.133
75.6967
91.7454
88.8548
32.9569
77.2985
86.7723
60.0406
70.4298
68.9758
52.7843
43.3504
71.6306
56.8187
50.1977
66.6083
67.7869
14.8339
44.1687
53.1862
57.2992
55.3793
42.1067
48.5379
31.0638
44.9157
25.6916
116.945
115.039
118.802
148.209
98.7977
105.275
96.3003
100.108
72.844
108.316
116.989
120.994
174.33
134.812
137.931
115.894
101.693
218.303
70.5744
36.4914
108.213
151.664
91.1852
99.9982
135.065
81.5946
101.754
103.222
144.496
155.217
178.712
105.528
153.513
74.5277
129.284
195.482
148.694
109.984
103.775
113.509
74.3771
67.7607
154.101
58.6596
60.3116
30.9683
94.0198
0.066839
146.116
120.831
187.46
101.32
119.775
165.245
153.914
135.667
177.8
165.501
58.9277
70.7173
72.9169
53.7256
54.2174
70.1189
82.065
54.4588
42.7017
56.8533
50.184
32.2243
57.6724
64.8096
66.2487
71.6337
59.4926
41.5375
85.7201
87.5255
117.197
85.8375
72.4658
93.4669
33.5726
39.7615
141.257
83.275
30.508
145.957
65.6546
80.9293
52.6828
31.8057
70.2638
133.329
93.5256
137.966
103.625
144.104
112.241
93.2094
85.7894
58.27
82.118
81.9488
52.0701
73.2689
22.6728
82.2184
54.1794
52.2915
82.0514
101.315
68.8439
76.8842
50.5973
72.5344
77.8685
110.417
61.3583
54.1386
54.4097
56.5614
59.2993
54.3759
52.3936
43.8227
143.384
128.968
88.0319
76.2874
81.0448
92.7033
96.6909
110.388
94.2286
62.1907
115.936
109.3
106.944
101.94
48.6306
108.61
85.0411
70.2891
77.4014
91.217
51.8708
37.2326
36.8722
45.3482
41.6483
45.4109
38.8698
74.1023
39.201
74.1023
43.9573
36.8722
45.3482
60.249
43.9573
37.2326
74.1023
36.022
39.201
45.4124
41.6483
45.4109
74.1023
43.9573
36.787
45.3482
59.3627
51.8714
43.9573
140.503
126.488
83.4762
73.4393
79.7329
95.2553
91.3533
102.336
85.9432
58.5183
114.292
106.712
103.956
97.2948
43.1148
103.445
79.3715
63.8409
91.4925
88.3726
53.5227
54.3782
104.017
113.829
127.361
146.812
103.386
103.315
95.3195
99.7226
77.1606
106.27
113.67
118.666
172.657
133.048
141.401
121.92
92.1278
212.986
183.345
38.4175
44.6635
58.7187
49.3892
88.1691
130.646
138.089
92.2501
65.8327
116.642
105.306
59.4883
54.5695
73.8976
41.9521
86.8559
54.9711
84.0832
102.379
89.3141
126.26
92.7064
89.5472
51.4494
75.3041
68.8377
68.0489
56.3018
104.017
113.829
127.361
146.812
103.386
103.315
95.3195
99.7226
77.1606
106.27
113.67
118.666
172.657
133.048
141.401
121.92
92.1278
212.986
183.345
38.4175
44.6635
58.7187
49.3892
27.937
73.0373
62.2027
80.5381
122.937
135.517
64.3175
161.097
133.7
148.076
103.707
129.593
91.1257
186.171
198.404
172.14
123.205
102.567
93.2684
189.175
168.106
50.184
32.2243
64.8096
66.954
71.6337
55.1054
41.5375
103.777
138.691
106.604
93.1465
125.579
47.8052
165.177
87.5749
164.895
105.812
100.06
50.7508
104.782
147.164
111.801
164.623
113.569
166.045
138.359
122.884
102.011
137.669
73.0373
80.5381
122.937
135.517
65.7101
161.097
133.7
148.076
103.707
129.593
91.9213
186.171
198.404
163.293
129.712
102.567
95.9349
189.175
168.106
50.184
64.8096
66.954
71.0193
71.6337
55.1054
41.5375
103.777
138.691
106.604
93.1465
125.579
53.4589
165.177
87.5749
164.895
105.812
100.06
50.7508
104.782
147.164
111.801
164.623
113.569
166.045
138.359
122.884
102.011
137.669
121.528
71.016
34.9864
57.492
30.9251
117.216
105.78
83.6259
101.23
143.816
133.288
128.906
77.5116
124.093
113.188
140.309
94.2474
97.2418
54.4097
56.5614
59.2993
54.3759
52.3936
43.8227
72.5079
103.511
128.795
184.997
197.833
171.157
122.741
102.019
92.7474
188.252
61.8648
166.885
80.9375
121.742
135.224
63.5694
160.699
133.239
39.6786
51.6828
51.1851
72.7163
67.2741
42.326
93.9217
34.0323
40.0201
142.69
39.342
84.1748
146.689
67.1131
53.3519
71.2379
134.388
94.4761
139.529
86.4916
104.49
113.393
94.3489
86.4738
59.2807
86.5638
118.092
73.3765
72.5079
103.511
128.795
91.3985
184.997
197.833
171.157
122.741
102.019
92.7474
188.252
61.8648
166.885
80.9375
121.742
135.224
63.5694
160.699
133.239
51.6828
51.1851
72.7163
67.2741
42.326
93.9217
34.0323
40.0201
142.69
39.342
84.1748
146.689
67.1131
53.3519
71.2379
134.388
94.4761
139.529
86.4916
104.49
113.393
94.3489
86.4738
59.2807
86.5638
118.092
73.3765
104.017
113.829
127.361
146.812
103.386
103.315
95.3195
99.7226
74.1718
108.287
113.67
118.666
172.657
133.048
141.401
121.92
92.1278
212.986
185.103
38.4175
44.6635
51.9405
49.3892
88.1691
130.646
124.487
92.2501
65.8327
116.642
105.306
59.4883
54.5695
73.8976
41.9521
86.8559
54.3652
84.0832
102.379
89.3141
126.26
92.7064
86.327
51.4494
50.3282
75.3041
68.296
68.0489
57.8485
104.017
113.829
127.361
146.812
103.386
103.315
95.3195
99.7226
74.1718
108.287
113.67
118.666
172.657
133.048
141.401
121.92
92.1278
212.986
185.103
38.4175
44.6635
51.9405
49.3892
88.1691
130.646
124.487
92.2501
65.8327
116.642
105.306
59.4883
54.5695
116.494
73.8976
41.9521
86.8559
54.3652
84.0832
102.379
89.3141
126.26
92.7064
86.327
51.4494
50.3282
75.3041
67.2252
68.296
68.0489
57.8485
104.789
114.047
117.412
146.719
103.748
103.473
95.571
100.232
77.2171
106.725
113.597
118.967
172.684
133.148
138.858
122.136
92.4838
211.691
67.9437
43.1587
80.0047
68.7574
84.0945
97.2415
67.1562
85.3273
87.516
118.871
82.1844
48.9602
94.8825
67.8784
111.217
97.5916
102.223
79.3816
124.068
89.483
85.188
74.3588
68.5711
68.0489
63.4003
78.0905
124.611
124.306
96.4424
66.801
69.8012
81.1822
81.7421
99.4472
82.6013
51.3367
104.373
94.2209
94.2084
94.8641
38.9594
93.7232
74.899
67.101
72.4318
89.7518
143.089
133.107
93.5712
79.8832
86.0813
95.7451
94.9361
111.418
96.6283
62.9077
117.768
108.267
111.502
103.44
54.2712
106.833
89.1429
73.0514
82.4561
89.7518
143.089
133.107
93.5712
79.8832
86.0813
95.7451
94.9361
111.418
96.6283
62.9077
117.768
108.267
111.502
103.44
54.2712
106.833
89.1429
73.0514
82.4561
64.7022
64.3891
63.5045
63.5045
73.7829
91.1167
90.0351
125.76
79.6946
86.8136
76.6536
79.8658
62.3499
86.2471
94.6453
97.4174
144.857
113.529
116.675
101.556
71.9665
178.027
80.7149
98.6712
121.61
75.4619
69.1077
95.8807
52.2402
50.4291
76.7677
71.1131
41.8892
80.5961
71.2554
71.5342
80.6996
54.4675
101.178
62.165
56.1263
50.7987
47.8088
74.3588
60.6924
69.0365
69.1165
61.9021
106.039
115.009
118.916
146.949
104.398
103.546
95.1148
99.7577
76.222
107.269
114.095
119.185
172.31
133.373
138.563
121.993
80.3064
212.064
89.3664
93.7839
107.275
126.705
76.6156
76.3293
99.7135
86.3511
57.9714
56.8111
82.0405
58.5243
76.8365
45.923
84.3071
86.1895
62.8646
88.2725
72.8563
84.0731
58.1599
107.394
66.5881
64.4445
57.0691
50.3282
74.3588
60.6924
70.4285
68.0489
63.4003
89.6291
141.825
133.902
95.5279
79.0192
85.1352
95.0349
95.0625
112.463
96.3142
63.0726
118.3
107.389
110.048
104.345
54.3984
107.245
88.7056
74.7569
82.2136
106.033
130.6
116.354
79.8439
132.351
142.504
86.1577
92.0302
97.3353
60.2109
116.911
84.0276
98.1752
154.161
117.846
148.064
111.223
154.163
57.5283
49.8382
74.114
70.1782
67.0901
59.8855
53.6155
93.4625
104.75
108.699
148.087
91.0609
105.978
97.5189
95.0014
77.0826
104.742
119.569
117.796
177.535
133.592
133.157
128.712
114.802
212.689
92.3576
104.665
107.173
147.528
90.8004
105.541
97.1219
94.7999
77.4983
103.699
117.244
117.198
177.645
133.194
132.928
128.718
125.802
211.838
91.1935
115.546
108.508
74.3722
126.438
133.889
78.7688
72.1831
92.5934
53.2094
103.77
77.0514
88.1583
141.94
107.622
136.774
102.913
138.849
57.5283
49.8382
74.114
63.8077
70.1782
67.0901
57.5899
53.6155
93.3516
105.275
118.995
147.93
92.4675
106.063
96.1305
94.6193
66.9727
105.047
109.491
118.701
176.989
133.509
132.541
126.896
106.79
212.585
86.3705
104.717
98.2599
80.4501
127.743
114.585
67.7151
77.1518
80.3795
45.0636
98.6448
74.4078
78.5563
130.122
98.3763
89.3277
138.41
103.768
126.855
49.4519
50.3129
75.1932
70.5948
67.5967
66.6073
53.4035
93.1384
105.35
107.894
147.597
91.6758
105.483
97.0782
94.7368
77.5361
103.565
120.186
116.951
177.292
132.907
133.169
123.447
112.63
211.531
86.8924
105.626
93.4992
80.7207
128.356
115.702
67.0825
62.7406
79.9767
44.6956
98.5507
73.6558
79.1204
130.982
99.2527
90.5478
139.144
104.512
127.96
47.4596
48.9639
72.3223
61.897
68.7578
65.4209
65.1482
52.1714
43.3419
43.3419
155.845
177.924
159.174
101.648
127.836
145.934
202.585
189.977
170.565
92.785
86.4507
22.052
106.566
161.829
91.0399
133.566
93.8151
106.199
99.041
48.5699
87.8249
137.805
120.862
64.0195
53.1992
59.2667
67.9471
21.2942
68.8316
82.8074
45.6017
73.0373
80.5381
122.937
135.517
64.3175
161.097
133.7
148.076
103.707
129.593
91.9213
176.883
198.404
163.293
123.205
102.567
93.2684
189.175
168.106
50.184
64.8096
66.954
71.6337
55.1054
41.5375
85.4514
116.83
73.351
79.376
64.9814
46.1548
72.9994
93.8283
81.7495
146.347
65.2349
52.107
32.3215
70.3317
133.513
93.8481
138.567
103.895
144.028
108.689
115.89
92.7803
85.6828
76.0952
93.4233
92.4796
127.936
81.2785
88.3619
79.1054
83.1038
64.93
88.9937
99.082
100.617
149.05
116.239
119.407
104.662
78.8785
182.607
101.589
119.047
144.613
87.3371
83.283
108.939
86.0414
84.8067
61.0902
86.4968
90.5331
53.2797
86.4819
87.6421
78.5365
92.6212
96.6749
73.693
121.253
83.101
68.3855
52.8252
46.5425
68.6657
55.9606
64.9023
63.0577
58.5176
76.0952
93.4233
92.4796
127.936
81.2785
88.3619
79.1054
83.1038
64.93
88.9937
96.9909
100.617
149.05
116.239
119.407
104.662
78.8785
182.607
101.493
118.965
144.205
87.0086
83.091
108.621
85.5507
83.4642
60.9239
86.1097
68.6171
90.7473
53.4093
86.3174
87.7732
78.6435
100.336
92.4859
96.6074
73.7538
121.115
83.0625
68.1401
52.8252
46.5425
68.6657
55.9606
64.9919
64.0352
58.5176
100.438
108.281
116.002
141.608
100.58
99.4001
96.4715
101.738
76.8642
108.56
115.591
120.681
170.682
131.245
135.139
122.527
91.9696
208.917
99.9129
116.743
142.845
85.6725
83.175
107.591
77.3315
57.2556
76.8835
101.118
89.9426
52.6496
85.3371
87.7449
91.9225
94.8106
72.0133
118.867
113.16
65.3475
57.0691
50.3282
74.3588
70.5386
68.0489
63.4003
67.7813
87.7693
88.6557
119.432
69.1618
80.7471
72.2411
77.1572
59.3239
84.6801
84.4203
92.8897
136.925
108.355
111.046
94.7152
73.5604
171.318
81.4948
97.9976
117.98
73.2339
69.5666
90.0628
43.3941
27.5219
48.6143
61.8799
35.5616
64.5651
48.4095
68.1651
77.7625
50.2438
98.6753
64.1717
38.24
57.0691
74.3588
67.3847
68.0489
63.4003
